<?xml version="1.0" encoding="UTF-8"?>
<document version="2.0.0">
  <chunk label="Chunk 1" enabled="true">
    <sensors next_id="4">
      <sensor id="0" label="unknown" type="frame">
        <resolution width="1330" height="1150"/>
        <property name="layer_index" value="0"/>
        <bands>
          <band label="Red"/>
          <band label="Green"/>
          <band label="Blue"/>
        </bands>
        <data_type>uint8</data_type>
      </sensor>
      <sensor id="1" label="unknown" type="frame">
        <resolution width="2160" height="1440"/>
        <property name="layer_index" value="0"/>
        <bands>
          <band label="Red"/>
          <band label="Green"/>
          <band label="Blue"/>
        </bands>
        <data_type>uint8</data_type>
      </sensor>
      <sensor id="2" label="unknown" type="frame">
        <resolution width="1150" height="1330"/>
        <property name="layer_index" value="0"/>
        <bands>
          <band label="Red"/>
          <band label="Green"/>
          <band label="Blue"/>
        </bands>
        <data_type>uint8</data_type>
      </sensor>
      <sensor id="3" label="unknown" type="frame">
        <resolution width="1150" height="1330"/>
        <property name="layer_index" value="0"/>
        <bands>
          <band label="Red"/>
          <band label="Green"/>
          <band label="Blue"/>
        </bands>
        <data_type>uint8</data_type>
        <calibration type="frame" class="adjusted">
          <resolution width="1150" height="1330"/>
          <f>1132.535725859721</f>
          <cx>-4.8330171608954338</cx>
          <cy>-0.89697496822114242</cy>
          <k1>-0.095026917304437117</k1>
          <k2>0.12414431145934544</k2>
          <k3>-0.053467347297610462</k3>
          <p1>0.00027135924187671558</p1>
          <p2>-0.00054538165797197048</p2>
        </calibration>
        <covariance>
          <params>f cx cy k1 k2 k3 p1 p2</params>
          <coeffs>0.24250431845972722 -0.0014762274192186642 0.0027440178339058494 -0.0009713792799016654 0.0038198313366923928 -0.0039260357562225408 -4.6972791699601915e-06 1.6648546938047533e-06 -0.0014762274192186642 0.46445391043518425 0.011508297451586323 8.313674213256391e-06 -0.0001037450508976542 0.00020998085571803478 0.00011840182374083284 8.0383186702697441e-07 0.0027440178339058494 0.011508297451586323 0.37000072495740266 -0.0001648055958792853 0.00054260563979386268 -0.00061268685770401738 1.9667199345107188e-06 0.00010381493908171143 -0.0009713792799016654 8.313674213256391e-06 -0.0001648055958792853 1.0913321963875393e-05 -3.8391378549828506e-05 4.1533090777945677e-05 1.7538337239128849e-08 -5.0534165428236059e-08 0.0038198313366923928 -0.0001037450508976542 0.00054260563979386268 -3.8391378549828506e-05 0.00014581034230888283 -0.00016263921005900609 -9.6430346408143615e-08 1.6099089433599534e-07 -0.0039260357562225408 0.00020998085571803478 -0.00061268685770401738 4.1533090777945677e-05 -0.00016263921005900609 0.00018651165855515959 1.1864999574603847e-07 -1.7452248547416337e-07 -4.6972791699601915e-06 0.00011840182374083284 1.9667199345107188e-06 1.7538337239128849e-08 -9.6430346408143615e-08 1.1864999574603847e-07 3.4010733007043109e-08 -4.4173532692435383e-11 1.6648546938047533e-06 8.0383186702697441e-07 0.00010381493908171143 -5.0534165428236059e-08 1.6099089433599534e-07 -1.7452248547416337e-07 -4.4173532692435383e-11 3.4373425257286197e-08</coeffs>
        </covariance>
      </sensor>
    </sensors>
    <components next_id="1" active_id="0">
      <component id="0" label="Component 1">
        <region>
          <center>-0.11800633330413113 -0.17576005358821245 -2.4599308000997655</center>
          <size>7.4529152989387519 6.0693733453750607 3.9863325238227842</size>
          <R>-0.95528293409351361 0.087228547144955981 0.28253441629767545 -0.26293980651104204 -0.68768985154272633 -0.6767165774806162 0.1352670469169181 -0.72074534243942456 0.67987423643660228</R>
        </region>
        <partition>
          <camera_ids>3 4 5 6 7 8 9 10 11 12 13 14 15 16 17 18 19 20 21 22</camera_ids>
        </partition>
      </component>
    </components>
    <cameras next_id="23" next_group_id="0">
      <camera id="3" sensor_id="3" component_id="0" label="49_50_21293324">
        <transform>0.89906594485953639 0.19555795833419531 -0.39171100536746589 0.8061939631572751 0.23522555413625351 0.53883470600065242 0.80890425780217257 -1.8216931072349301 0.36925514955802874 -0.81939870914064294 0.43844770495867136 -3.2951842416819863 0 0 0 1</transform>
      </camera>
      <camera id="4" sensor_id="3" component_id="0" label="49_50_21293325">
        <transform>0.14937492289717341 0.034317846776579966 -0.98818491073385772 1.9325422893062103 0.51242095818881961 0.85203612554534225 0.10704766403118735 -0.17075655431116382 0.84564288799605924 -0.52235689538695795 0.10968764663070948 -2.3472584311990334 0 0 0 1</transform>
        <rotation_covariance>4.0300381350981728e-07 -5.045068356347646e-09 1.5058620813646671e-07 -5.0450683563476725e-09 2.3180476404179906e-07 -1.1833295381818347e-07 1.5058620813646671e-07 -1.1833295381818345e-07 5.5981038690162137e-07</rotation_covariance>
        <location_covariance>1.8452223256092027e-06 -2.1431426595079594e-07 -4.4814343843152334e-07 -2.1431426595079594e-07 2.2348389274909408e-06 -5.3034720825087529e-08 -4.4814343843152334e-07 -5.3034720825087529e-08 1.6944486676450383e-06</location_covariance>
      </camera>
      <camera id="5" sensor_id="3" component_id="0" label="49_50_21293326">
        <transform>0.16458890022846823 0.39961853764132482 -0.90178462966220052 1.9548350280290432 0.50372573625021688 0.75198848093945747 0.42517491362207993 -0.95389360354697994 0.84803943101766199 -0.52423119795351358 -0.077529185030309422 -1.8807014320903646 0 0 0 1</transform>
        <rotation_covariance>2.9719546023338737e-07 -8.9338379405338327e-08 9.9678016565071143e-08 -8.9338379405338353e-08 3.6085161691910512e-07 -2.1080631483746313e-07 9.9678016565071143e-08 -2.1080631483746316e-07 4.2346990393824716e-07</rotation_covariance>
        <location_covariance>1.608943360222521e-06 2.5505291073996869e-07 -2.0439272096415194e-07 2.5505291073996869e-07 2.7089825427601322e-06 7.0758655964819647e-07 -2.0439272096415194e-07 7.0758655964819647e-07 1.6546103025305153e-06</location_covariance>
      </camera>
      <camera id="6" sensor_id="3" component_id="0" label="49_50_21334180">
        <transform>-0.82174399594944336 0.2312302070467675 -0.52083528727434536 1.1389519618155186 0.24688346738322015 0.96820573029882417 0.040326385275156043 -0.039548618284527652 0.51360038809747721 -0.095447656679622003 -0.85270416099635049 -0.29420641152415772 0 0 0 1</transform>
        <rotation_covariance>1.0170825320583563e-06 -1.2763960653658632e-07 1.9706715512844991e-07 -1.2763960653658626e-07 2.670850851187743e-07 -1.9143484030740959e-07 1.9706715512844993e-07 -1.9143484030740961e-07 4.686573932817909e-07</rotation_covariance>
        <location_covariance>4.9071860252991278e-06 -2.5218927412554653e-07 -1.2207250133125373e-07 -2.5218927412554653e-07 3.9530940351265484e-06 -1.3028629873636426e-06 -1.2207250133125373e-07 -1.3028629873636426e-06 1.202335917727432e-06</location_covariance>
      </camera>
      <camera id="7" sensor_id="3" component_id="0" label="49_50_21334181">
        <transform>0.99983764451897161 0.00069445886957378517 -0.018005619390431597 -0.051021887454357692 5.0767518983664634e-05 -0.99936164617933176 -0.035725307114079535 0.12019843352198392 -0.018018935190893842 0.035718592814034028 -0.9991994295944987 0.04031161322359722 0 0 0 1</transform>
        <rotation_covariance>4.2408266228595519e-07 -1.3072886366498154e-07 8.4635907648969378e-08 -1.3072886366498154e-07 9.4749909007927796e-07 -2.5682123588926212e-07 8.4635907648969405e-08 -2.5682123588926217e-07 3.740303975379461e-07</rotation_covariance>
        <location_covariance>5.1359616756095135e-06 4.9318183875536839e-07 1.1168993637935203e-06 4.9318183875536839e-07 4.4578673601688377e-06 -2.2095590193061004e-06 1.1168993637935203e-06 -2.2095590193061004e-06 1.815752729333861e-06</location_covariance>
        <orientation>3</orientation>
      </camera>
      <camera id="8" sensor_id="3" component_id="0" label="49_50_21334183">
        <transform>0.99681787954457191 -0.040174018852501672 0.068848843341780541 -0.26288543353978022 -0.0088130473404933428 0.80287391513768358 0.5960837244784174 -1.1511189228237979 -0.079224019191381723 -0.59479368238131669 0.79996501809918996 -3.8675189701754205 0 0 0 1</transform>
        <rotation_covariance>1.7094413541396066e-07 1.9411444453249812e-08 -3.8244270627251556e-08 1.9411444453249818e-08 1.0714885991552868e-07 -3.1928672443076187e-08 -3.8244270627251563e-08 -3.1928672443076181e-08 1.6628417383560399e-07</rotation_covariance>
        <location_covariance>8.2610805551668016e-07 -2.3911665707237757e-07 1.3762630028048606e-07 -2.3911665707237757e-07 9.8782973914039728e-07 5.4449227503786553e-08 1.3762630028048606e-07 5.4449227503786553e-08 9.6652214108617749e-07</location_covariance>
      </camera>
      <camera id="9" sensor_id="3" component_id="0" label="49_50_21334184">
        <transform>-0.0020865577262410909 -0.51283379883801716 0.85848537613999198 -2.0754137968296851 -0.48414008419845583 0.75168574483992412 0.44785814704743321 -0.89173387521779646 -0.87498801428886286 -0.41469270041057665 -0.24985183424785204 -1.4998059583625185 0 0 0 1</transform>
        <rotation_covariance>7.5063614404533637e-07 1.7854148277531246e-07 -2.3910308357682502e-07 1.7854148277531251e-07 3.8124551461870821e-07 -3.050752474188068e-07 -2.3910308357682497e-07 -3.0507524741880686e-07 6.4742645173819584e-07</rotation_covariance>
        <location_covariance>2.2164500913960847e-06 1.207318964915677e-06 1.8950359987262465e-06 1.207318964915677e-06 4.7555654842541408e-06 8.581263898839008e-07 1.8950359987262465e-06 8.581263898839008e-07 3.1004223577035736e-06</location_covariance>
      </camera>
      <camera id="10" sensor_id="3" component_id="0" label="49_50_21334186">
        <transform>-0.33566737811513619 0.056279516083107078 -0.94029783969695591 1.7521908832079023 0.4186360087444298 0.90313050130267558 -0.09538967344169029 0.36164307840762855 0.84384317467871028 -0.42566173622517445 -0.32671207945517755 -1.4740979536703658 0 0 0 1</transform>
        <rotation_covariance>6.5356188271057592e-07 -5.0361686538141826e-08 3.1941755352645612e-07 -5.0361686538141813e-08 1.7816407752709055e-07 -8.4543491640837466e-08 3.1941755352645618e-07 -8.4543491640837453e-08 5.3800370660253463e-07</rotation_covariance>
        <location_covariance>3.564173961062957e-06 -5.8410263332048949e-07 -6.542590533950236e-07 -5.8410263332048949e-07 2.683734010718545e-06 -6.8163138741410117e-07 -6.542590533950236e-07 -6.8163138741410117e-07 1.5217147651090369e-06</location_covariance>
      </camera>
      <camera id="11" sensor_id="3" component_id="0" label="49_50_21334191">
        <transform>0.8332510075375541 -0.071872895044186397 0.54820347079858822 -1.2417779527162207 -0.26754227685253545 0.81528712767885825 0.51354457405148246 -1.0099168580584779 -0.48385316836227538 -0.57457913849975828 0.66010978258670205 -3.5488953741232989 0 0 0 1</transform>
        <rotation_covariance>2.2717793568594618e-07 8.2301517826333592e-08 -1.3987921197394945e-07 8.2301517826333566e-08 1.9345829287782253e-07 -7.4177369646438265e-08 -1.3987921197394943e-07 -7.4177369646438239e-08 3.1626382319110074e-07</rotation_covariance>
        <location_covariance>1.6333312406161637e-06 -4.7466995748757377e-07 1.4682560276902469e-07 -4.7466995748757377e-07 2.0046677122519824e-06 7.4519651750812537e-07 1.4682560276902469e-07 7.4519651750812537e-07 1.5237141786920277e-06</location_covariance>
      </camera>
      <camera id="12" sensor_id="3" component_id="0" label="49_50_21334206">
        <transform>0.90972123945431316 -0.016428951734765621 -0.4148943914185933 0.77103417094124482 0.2451564052913997 0.82771207225908516 0.504768325453539 -1.031723367273178 0.3351202820336413 -0.56091248424461726 0.75701491503683416 -3.747007954999281 0 0 0 1</transform>
        <rotation_covariance>1.3368718519237824e-07 -8.6095894491949594e-09 1.022388479145528e-08 -8.609589449194961e-09 1.3565757374757565e-08 3.262089081374351e-09 1.0223884791455271e-08 3.2620890813743477e-09 8.6647063297681297e-08</rotation_covariance>
        <location_covariance>2.2168861934089817e-07 -6.3490212570264001e-08 -1.751283670915539e-07 -6.3490212570264001e-08 7.5071381799372042e-07 -1.7718552939848228e-07 -1.751283670915539e-07 -1.7718552939848228e-07 6.3571227330579473e-07</location_covariance>
      </camera>
      <camera id="13" sensor_id="3" component_id="0" label="49_50_21334207">
        <transform>0.85429646259208913 -0.28075058002074993 0.43744332869602198 -1.2324040946954842 -0.24095125815429647 0.53179948166460989 0.81186932599717943 -1.8090521796591441 -0.46056491963294943 -0.79897961370692405 0.38666721051083408 -3.1059319902291946 0 0 0 1</transform>
        <rotation_covariance>1.7466855221866503e-07 6.8466200890578325e-08 -6.0497676227844722e-08 6.8466200890578339e-08 2.8309838264667037e-07 -1.1713067109631883e-07 -6.0497676227844722e-08 -1.1713067109631881e-07 2.2604199457397257e-07</rotation_covariance>
        <location_covariance>2.151286988741534e-06 -4.9233783705656916e-07 -2.5890448227212355e-07 -4.9233783705656916e-07 1.8235845628120006e-06 6.2352762033461271e-07 -2.5890448227212355e-07 6.2352762033461271e-07 1.2139463124722361e-06</location_covariance>
      </camera>
      <camera id="14" sensor_id="3" component_id="0" label="49_50_21334208">
        <transform>-0.38871419792370532 0.40681170510992593 -0.82668343936363309 1.7899207529742347 0.4613557952665171 0.86259690210465678 0.20755099289921253 -0.42989569668418764 0.79752874713487942 -0.30071717786818247 -0.52298860066780217 -1.0080682982925866 0 0 0 1</transform>
        <rotation_covariance>6.0604706853251528e-07 -1.7064880309550824e-07 2.1286427361527523e-07 -1.7064880309550827e-07 2.9056245183572381e-07 -2.1209123169367356e-07 2.1286427361527521e-07 -2.1209123169367354e-07 4.6544235646447294e-07</rotation_covariance>
        <location_covariance>3.0676752755626099e-06 -4.6762836320412118e-07 -5.474893561891957e-07 -4.6762836320412118e-07 3.4997594766773891e-06 -1.5654619150274289e-07 -5.474893561891957e-07 -1.5654619150274289e-07 1.0791121037071467e-06</location_covariance>
      </camera>
      <camera id="15" sensor_id="3" component_id="0" label="49_50_21334211">
        <transform>-0.88141153282616169 -0.11895285827086016 0.45712572374591737 -0.92933721750819598 -0.27213220843206232 0.91890001032699653 -0.28559907590000128 0.78552921486290872 -0.38608000587303787 -0.37612895199683694 -0.84229997063684892 -0.57313301208283518 0 0 0 1</transform>
        <rotation_covariance>1.3874756879129212e-06 -2.0544981743528314e-08 -1.0728170401703212e-07 -2.0544981743528284e-08 1.7413610973193212e-07 -2.7730096602163463e-08 -1.0728170401703221e-07 -2.7730096602163506e-08 3.7590081137651043e-07</rotation_covariance>
        <location_covariance>5.9821502684313072e-06 1.7347823284516877e-06 1.9886520267517823e-06 1.7347823284516877e-06 3.6150279492575922e-06 -2.1864011512331725e-06 1.9886520267517823e-06 -2.1864011512331725e-06 3.76513788750004e-06</location_covariance>
      </camera>
      <camera id="16" sensor_id="3" component_id="0" label="49_50_21334219">
        <transform>-0.46573118534438274 -0.19852050877830935 0.86237119072480417 -1.7154296716302313 -0.49597023307234134 0.86562687219745937 -0.068583132298036892 0.4235939264584469 -0.73287651818289501 -0.45965174395844921 -0.50160969226289109 -1.1387721662096533 0 0 0 1</transform>
        <rotation_covariance>1.1396862713496668e-06 7.7675924911892089e-08 -3.3597757865360373e-07 7.7675924911892102e-08 2.0283168579280385e-07 -7.8123877791596913e-08 -3.3597757865360379e-07 -7.812387779159694e-08 5.4211638110353558e-07</rotation_covariance>
        <location_covariance>4.2807185974428542e-06 2.2849172906869219e-06 2.079603632796003e-06 2.2849172906869219e-06 4.0688399890646727e-06 -9.6937203654811839e-07 2.079603632796003e-06 -9.6937203654811839e-07 3.8277356704349427e-06</location_covariance>
      </camera>
      <camera id="17" sensor_id="3" component_id="0" label="49_50_21334220">
        <transform>0.99899873901351333 -0.019364544604873392 0.040330309466408795 -0.23269106571837492 -0.026922525058059515 0.45975958366667047 0.88763523075143247 -1.9455201783061942 -0.035730898308167273 -0.88783226999185816 0.45877790189501905 -3.4317630137881063 0 0 0 1</transform>
        <rotation_covariance>5.529026765103621e-08 4.2817618563167433e-09 -2.5275022641991141e-09 4.2817618563167441e-09 1.321649494289968e-07 -4.0315580075615386e-08 -2.5275022641991133e-09 -4.0315580075615379e-08 7.8153365728033804e-08</rotation_covariance>
        <location_covariance>1.0439171888056183e-06 -4.0713548706796655e-08 1.6999723819732299e-08 -4.0713548706796655e-08 5.2525064315712903e-07 1.3368775730435748e-07 1.6999723819732299e-08 1.3368775730435748e-07 3.9363038166440202e-07</location_covariance>
      </camera>
      <camera id="18" sensor_id="3" component_id="0" label="49_50_21334221">
        <transform>-0.51158030834626333 -0.44497734630315489 0.73503792377627986 -1.7010865391045742 -0.46671832010490572 0.86216243153523864 0.19710390997567656 -0.37051650988084961 -0.72142885844052329 -0.24222118595665215 -0.64874440212070894 -0.66752751307870417 0 0 0 1</transform>
        <rotation_covariance>1.1376732093257547e-06 1.8759098809743535e-07 -2.7386431260660129e-07 1.8759098809743535e-07 2.8626876997205937e-07 -2.1360162279924649e-07 -2.7386431260660134e-07 -2.1360162279924649e-07 5.6040370815985933e-07</rotation_covariance>
        <location_covariance>3.859511382863778e-06 1.922795707754178e-06 2.3199683151215278e-06 1.922795707754178e-06 5.2347205000230328e-06 -5.4073004166455726e-07 2.3199683151215278e-06 -5.4073004166455726e-07 2.7841195074833804e-06</location_covariance>
      </camera>
      <camera id="19" sensor_id="3" component_id="0" label="49_50_21334237">
        <transform>0.99988236853913071 0.011812651647810316 -0.0097831664417039627 -0.07801433257122585 0.0070536571562273423 -0.92053895426232313 -0.39058709605714226 0.90915486028219628 -0.013619655109473263 0.39047214362445404 -0.92051399231517528 -0.42596749451541965 0 0 0 1</transform>
        <rotation_covariance>4.3520189941355726e-07 -1.432844706870683e-07 6.3215941594591704e-08 -1.4328447068706825e-07 1.1107069019371053e-06 -2.0496541420579979e-07 6.3215941594591704e-08 -2.0496541420579973e-07 3.3435004453210522e-07</rotation_covariance>
        <location_covariance>5.2831394010770058e-06 8.1792634166851872e-07 1.0142043810502245e-06 8.1792634166851872e-07 3.2909250284072838e-06 -2.5272868834297505e-06 1.0142043810502245e-06 -2.5272868834297505e-06 3.1687539050164464e-06</location_covariance>
        <orientation>3</orientation>
      </camera>
      <camera id="20" sensor_id="3" component_id="0" label="49_50_21334238">
        <transform>0.010397615863587534 -0.15235311061669518 0.98827142995726125 -2.0815528206151379 -0.51953127084684814 0.84363563190708146 0.13552187716010838 -0.099319897762305251 -0.85438817184966442 -0.51484701636715136 -0.07038040594675754 -1.9735797547393432 0 0 0 1</transform>
        <rotation_covariance>7.9993071924970288e-07 5.6933022544784617e-08 -2.939376355608177e-07 5.693302254478467e-08 2.2094235716953832e-07 -1.1729062581141912e-07 -2.9393763556081765e-07 -1.1729062581141909e-07 7.2116701661087949e-07</rotation_covariance>
        <location_covariance>2.5035580533346926e-06 1.728727810719605e-06 1.6787664242753705e-06 1.728727810719605e-06 4.0591595144959602e-06 3.440584704289516e-07 1.6787664242753705e-06 3.440584704289516e-07 3.5104219915720612e-06</location_covariance>
      </camera>
      <camera id="21" sensor_id="3" component_id="0" label="49_51_21334209">
        <transform>-0.79957070504913474 0.081646013831926684 -0.59499631599917047 1.0994048521062663 0.2545565411264602 0.94339344152514948 -0.21262592000286892 0.76039942972848629 0.543955563439663 -0.32146966095215035 -0.77509328605681282 -0.78059970803945455 0 0 0 1</transform>
        <rotation_covariance>1.0636928234854536e-06 -5.6074606264647534e-08 2.8471405671379303e-07 -5.6074606264647514e-08 1.8866032446066713e-07 -8.7392171035293167e-08 2.8471405671379293e-07 -8.7392171035293141e-08 4.4868251443747529e-07</rotation_covariance>
        <location_covariance>5.3512840092367218e-06 -4.326730315842864e-07 -8.852860550817315e-08 -4.326730315842864e-07 2.9055753067799812e-06 -1.8446384126776425e-06 -8.852860550817315e-08 -1.8446384126776425e-06 2.2283392261679934e-06</location_covariance>
      </camera>
      <camera id="22" sensor_id="3" component_id="0" label="49_52_21334190">
        <transform>-0.89360993054349414 -0.25282666619954064 0.3708638144824552 -0.90821263175025513 -0.2588256170655775 0.96531041810093443 0.034425232844872533 -0.0094262289285582668 -0.3667023206698779 -0.065226325699265758 -0.92804899356181614 -0.10642564928539899 0 0 0 1</transform>
        <rotation_covariance>1.4106430227430282e-06 -8.3762651607652587e-09 -7.8333898207325706e-08 -8.3762651607652223e-09 2.3887663064850403e-07 -1.5118599348106145e-07 -7.8333898207325759e-08 -1.5118599348106145e-07 4.6087994522644674e-07</rotation_covariance>
        <location_covariance>5.5968128606612193e-06 1.342958825106512e-06 2.2458310573233994e-06 1.342958825106512e-06 4.8844835984327318e-06 -2.0539687112833366e-06 2.2458310573233994e-06 -2.0539687112833374e-06 2.3747821670527993e-06</location_covariance>
      </camera>
    </cameras>
    <reference>LOCAL_CS["Local Coordinates (m)",LOCAL_DATUM["Local Datum",0],UNIT["metre",1,AUTHORITY["EPSG","9001"]]]</reference>
    <region>
      <center>-0.11800633330413113 -0.17576005358821245 -2.4599308000997655</center>
      <size>7.4529152989387519 6.0693733453750607 3.9863325238227842</size>
      <R>-0.95528293409351361 0.087228547144955981 0.28253441629767545 -0.26293980651104204 -0.68768985154272633 -0.6767165774806162 0.1352670469169181 -0.72074534243942456 0.67987423643660228</R>
    </region>
    <settings>
      <property name="accuracy_tiepoints" value="1"/>
      <property name="accuracy_cameras" value="10"/>
      <property name="accuracy_cameras_ypr" value="10"/>
      <property name="accuracy_markers" value="0.0050000000000000001"/>
      <property name="accuracy_scalebars" value="0.001"/>
      <property name="accuracy_projections" value="0.5"/>
    </settings>
    <meta>
      <property name="AlignCameras/adaptive_fitting" value="false"/>
      <property name="AlignCameras/cameras" value=""/>
      <property name="AlignCameras/duration" value="0.987"/>
      <property name="AlignCameras/min_image" value="2"/>
      <property name="AlignCameras/point_clouds" value=""/>
      <property name="AlignCameras/ram_used" value="19628032"/>
      <property name="AlignCameras/reset_alignment" value="false"/>
      <property name="AlignCameras/subdivide_task" value="true"/>
      <property name="OptimizeCameras/sigma0" value="0.214845439417439"/>
    </meta>
  </chunk>
</document>
