{
 "cells": [
  {
   "cell_type": "code",
   "execution_count": 14,
   "id": "70bbb65f",
   "metadata": {
    "ExecuteTime": {
     "start_time": "2023-09-13T21:35:08.299582Z",
     "end_time": "2023-09-13T21:35:08.346259Z"
    }
   },
   "outputs": [],
   "source": [
    "from xml.dom.minidom import parse"
   ]
  },
  {
   "cell_type": "code",
   "execution_count": 15,
   "id": "c58c2426",
   "metadata": {
    "ExecuteTime": {
     "start_time": "2023-09-13T21:35:08.344911Z",
     "end_time": "2023-09-13T21:35:08.346560Z"
    }
   },
   "outputs": [
    {
     "data": {
      "text/plain": "<DOM Element: document at 0x7fd09f1ced30>"
     },
     "execution_count": 15,
     "metadata": {},
     "output_type": "execute_result"
    }
   ],
   "source": [
    "dom = parse('camera.xml')\n",
    "elem = dom.documentElement\n",
    "elem"
   ]
  },
  {
   "cell_type": "code",
   "execution_count": 16,
   "id": "b5f2e891",
   "metadata": {
    "ExecuteTime": {
     "start_time": "2023-09-13T21:35:08.344984Z",
     "end_time": "2023-09-13T21:35:08.346640Z"
    }
   },
   "outputs": [],
   "source": [
    "sensors = elem.getElementsByTagName('calibration')"
   ]
  },
  {
   "cell_type": "code",
   "execution_count": 17,
   "id": "d9b06062",
   "metadata": {
    "ExecuteTime": {
     "start_time": "2023-09-13T21:35:08.345038Z",
     "end_time": "2023-09-13T21:35:08.346795Z"
    }
   },
   "outputs": [
    {
     "data": {
      "text/plain": "defaultdict(list,\n            {'width': [1150.0],\n             'height': [1330.0],\n             'f': [1132.535725859721],\n             'cx': [570.1669828391045],\n             'cy': [664.1030250317789],\n             'K': [[1132.535725859721,\n               0,\n               570.1669828391045,\n               0,\n               1132.535725859721,\n               664.1030250317789,\n               0,\n               0,\n               1]],\n             'distort': [[-0.09502691730443712,\n               0.12414431145934544,\n               -0.05346734729761046,\n               0.0002713592418767156,\n               -0.0005453816579719705]]})"
     },
     "execution_count": 17,
     "metadata": {},
     "output_type": "execute_result"
    }
   ],
   "source": [
    "# 默认字典值为空列表\n",
    "from collections import defaultdict\n",
    "intrinsics = defaultdict(list)\n",
    "\n",
    "for sensor in sensors:\n",
    "    resolution = sensor.getElementsByTagName('resolution')\n",
    "    width = resolution[0].getAttribute('width')\n",
    "    height = resolution[0].getAttribute('height')\n",
    "    intrinsics['width'].append(float(width))\n",
    "    intrinsics['height'].append(float(height))\n",
    "    \n",
    "    f = float(sensor.getElementsByTagName('f')[0].childNodes[0].nodeValue)\n",
    "    intrinsics['f'].append(f)\n",
    "    \n",
    "    cx = sensor.getElementsByTagName('cx')[0].childNodes[0].nodeValue\n",
    "    cx = float(width)/2 + float(cx)\n",
    "    cy = sensor.getElementsByTagName('cy')[0].childNodes[0].nodeValue\n",
    "    cy = float(height)/2 + float(cy)\n",
    "    intrinsics['cx'].append(cx)\n",
    "    intrinsics['cy'].append(cy)\n",
    "    \n",
    "    K = [f, 0, cx, 0, f, cy, 0, 0, 1]\n",
    "    intrinsics['K'].append(K)\n",
    "    \n",
    "    # 径向畸变参数\n",
    "    k1 = float(sensor.getElementsByTagName('k1')[0].childNodes[0].nodeValue)\n",
    "    k2 = float(sensor.getElementsByTagName('k2')[0].childNodes[0].nodeValue)\n",
    "    k3 = float(sensor.getElementsByTagName('k3')[0].childNodes[0].nodeValue)\n",
    "#     radial_distortion = [k1, k2, k3]\n",
    "#     intrinsics['radiDistort'].append(radial_distortion)\n",
    "    \n",
    "    # 切向畸变参数\n",
    "    p1 = float(sensor.getElementsByTagName('p1')[0].childNodes[0].nodeValue)\n",
    "    p2 = float(sensor.getElementsByTagName('p2')[0].childNodes[0].nodeValue)\n",
    "#     circumferential_distortion = [p1, p2]\n",
    "#     intrinsics['circumDistort'].append(circumferential_distortion)\n",
    "    \n",
    "    distort = [k1, k2, k3, p1, p2]\n",
    "    intrinsics['distort'].append(distort)\n",
    "    \n",
    "intrinsics"
   ]
  },
  {
   "cell_type": "code",
   "execution_count": 18,
   "id": "4c39ef06",
   "metadata": {
    "ExecuteTime": {
     "start_time": "2023-09-13T21:35:08.345121Z",
     "end_time": "2023-09-13T21:35:08.346867Z"
    }
   },
   "outputs": [],
   "source": [
    "import re\n",
    "def camera_sort(label):\n",
    "    if re.search('21334181', label):\n",
    "        return 0\n",
    "    elif re.search('21334237', label):\n",
    "        return 1\n",
    "    elif re.search('21334180', label):\n",
    "        return 2\n",
    "    elif re.search('21334209', label):\n",
    "        return 3\n",
    "    elif re.search('21334208', label):\n",
    "        return 4\n",
    "    elif re.search('21334186', label):\n",
    "        return 5\n",
    "    elif re.search('21293326', label):\n",
    "        return 6\n",
    "    elif re.search('21293325', label):\n",
    "        return 7\n",
    "    elif re.search('21293324', label):\n",
    "        return 8\n",
    "    elif re.search('21334206', label):\n",
    "        return 9\n",
    "    elif re.search('21334220', label):\n",
    "        return 10\n",
    "    elif re.search('21334183', label):\n",
    "        return 11\n",
    "    elif re.search('21334207', label):\n",
    "        return 12\n",
    "    elif re.search('21334191', label):\n",
    "        return 13\n",
    "    elif re.search('21334184', label):\n",
    "        return 14\n",
    "    elif re.search('21334238', label):\n",
    "        return 15\n",
    "    elif re.search('21334221', label):\n",
    "        return 16\n",
    "    elif re.search('21334219', label):\n",
    "        return 17\n",
    "    elif re.search('21334190', label):\n",
    "        return 18\n",
    "    elif re.search('21334211', label):\n",
    "        return 19"
   ]
  },
  {
   "cell_type": "code",
   "execution_count": 21,
   "id": "ea092f5a",
   "metadata": {
    "ExecuteTime": {
     "start_time": "2023-09-13T21:38:41.415822Z",
     "end_time": "2023-09-13T21:38:41.418384Z"
    }
   },
   "outputs": [
    {
     "name": "stdout",
     "output_type": "stream",
     "text": [
      "0\n",
      "0\n",
      "0\n",
      "0\n",
      "0\n",
      "0\n",
      "0\n",
      "0\n",
      "0\n",
      "0\n",
      "0\n",
      "0\n",
      "0\n",
      "0\n",
      "0\n",
      "0\n",
      "0\n",
      "0\n",
      "0\n",
      "0\n",
      "{'cam0': {'K': [1132.535725859721, 0, 570.1669828391045, 0, 1132.535725859721, 664.1030250317789, 0, 0, 1], 'R': [0.9998376445189715, 5.076751898366455e-05, -0.018018935190893835, 0.0006944588695737833, -0.9993616461793315, 0.035718592814033924, -0.018005619390431604, -0.03572530711407964, -0.9991994295944988], 'T': [0.0517338739411378, 0.11871726289658137, 0.04365478620517196], 'imgSize': [1150.0, 1330.0], 'distort': [-0.09502691730443712, 0.12414431145934544, -0.05346734729761046, 0.0002713592418767156, -0.0005453816579719705]}, 'cam1': {'K': [1132.535725859721, 0, 570.1669828391045, 0, 1132.535725859721, 664.1030250317789, 0, 0, 1], 'R': [0.9998823685391302, 0.007053657156227337, -0.013619655109473263, 0.011812651647810314, -0.9205389542623228, 0.3904721436244541, -0.009783166441703961, -0.3905870960571421, -0.9205139923151755], 'T': [0.06579075858182187, 1.0041624611786553, -0.03776810942940452], 'imgSize': [1150.0, 1330.0], 'distort': [-0.09502691730443712, 0.12414431145934544, -0.05346734729761046, 0.0002713592418767156, -0.0005453816579719705]}, 'cam2': {'K': [1132.535725859721, 0, 570.1669828391045, 0, 1132.535725859721, 664.1030250317789, 0, 0, 1], 'R': [-0.821743995949444, 0.24688346738322015, 0.5136003880974772, 0.23123020704676697, 0.9682057302988227, -0.09544765667962236, -0.5208352872743454, 0.04032638527515661, -0.8527041609963503], 'T': [1.0967953634486158, -0.25315021165854484, 0.343930193743453], 'imgSize': [1150.0, 1330.0], 'distort': [-0.09502691730443712, 0.12414431145934544, -0.05346734729761046, 0.0002713592418767156, -0.0005453816579719705]}, 'cam3': {'K': [1132.535725859721, 0, 570.1669828391045, 0, 1132.535725859721, 664.1030250317789, 0, 0, 1], 'R': [-0.799570705049136, 0.2545565411264602, 0.5439555634396631, 0.08164601383192704, 0.9433934415251501, -0.32146966095215035, -0.5949963159991716, -0.21262592000286923, -0.7750932860568128], 'T': [1.1100988180342704, -1.0580569821900654, 0.21078487231122936], 'imgSize': [1150.0, 1330.0], 'distort': [-0.09502691730443712, 0.12414431145934544, -0.05346734729761046, 0.0002713592418767156, -0.0005453816579719705]}, 'cam4': {'K': [1132.535725859721, 0, 570.1669828391045, 0, 1132.535725859721, 664.1030250317789, 0, 0, 1], 'R': [-0.388714197923705, 0.46135579526651693, 0.7975287471348791, 0.40681170510992576, 0.8625969021046567, -0.30071717786818236, -0.8266834393636326, 0.20755099289921233, -0.522988600667802], 'T': [1.6980659278284367, -0.660477471102115, 1.041714894245373], 'imgSize': [1150.0, 1330.0], 'distort': [-0.09502691730443712, 0.12414431145934544, -0.05346734729761046, 0.0002713592418767156, -0.0005453816579719705]}, 'cam5': {'K': [1132.535725859721, 0, 570.1669828391045, 0, 1132.535725859721, 664.1030250317789, 0, 0, 1], 'R': [-0.33566737811513603, 0.41863600874442963, 0.8438431746787101, 0.056279516083107106, 0.9031305013026748, -0.42566173622517406, -0.9402978396969552, -0.09538967344169029, -0.3267120794551773], 'T': [1.6806640018016141, -1.052690444012401, 1.200472709604575], 'imgSize': [1150.0, 1330.0], 'distort': [-0.09502691730443712, 0.12414431145934544, -0.05346734729761046, 0.0002713592418767156, -0.0005453816579719705]}, 'cam6': {'K': [1132.535725859721, 0, 570.1669828391045, 0, 1132.535725859721, 664.1030250317789, 0, 0, 1], 'R': [0.16458890022846828, 0.5037257362502173, 0.8480394310176622, 0.39961853764132454, 0.7519884809394581, -0.5242311979535137, -0.901784629662201, 0.4251749136220808, -0.07752918503030969], 'T': [1.7536655827437038, -1.0497936780594652, 2.0226025629793094], 'imgSize': [1150.0, 1330.0], 'distort': [-0.09502691730443712, 0.12414431145934544, -0.05346734729761046, 0.0002713592418767156, -0.0005453816579719705]}, 'cam7': {'K': [1132.535725859721, 0, 570.1669828391045, 0, 1132.535725859721, 664.1030250317789, 0, 0, 1], 'R': [0.14937492289717344, 0.5124209581888197, 0.845642887996059, 0.03431784677658035, 0.852036125545342, -0.5223568953869575, -0.988184910733858, 0.10704766403118703, 0.10968764663070964], 'T': [1.783768280348755, -1.1469365640189033, 2.1854534732568007], 'imgSize': [1150.0, 1330.0], 'distort': [-0.09502691730443712, 0.12414431145934544, -0.05346734729761046, 0.0002713592418767156, -0.0005453816579719705]}, 'cam8': {'K': [1132.535725859721, 0, 570.1669828391045, 0, 1132.535725859721, 664.1030250317789, 0, 0, 1], 'R': [0.8990659448595358, 0.23522555413625346, 0.3692551495580286, 0.19555795833419523, 0.538834706000652, -0.8193987091406427, -0.39171100536746556, 0.808904257802172, 0.4384477049586712], 'T': [0.9204509833730212, -1.8761358896108495, 3.2341363268621675], 'imgSize': [1150.0, 1330.0], 'distort': [-0.09502691730443712, 0.12414431145934544, -0.05346734729761046, 0.0002713592418767156, -0.0005453816579719705]}, 'cam9': {'K': [1132.535725859721, 0, 570.1669828391045, 0, 1132.535725859721, 664.1030250317789, 0, 0, 1], 'R': [0.909721239454313, 0.2451564052913996, 0.33512028203364114, -0.016428951734765756, 0.8277120722590849, -0.5609124842446168, -0.41489439141859347, 0.5047683254535393, 0.7570149150368339], 'T': [0.8072057929871889, -1.2351063710189363, 3.6772199382414983], 'imgSize': [1150.0, 1330.0], 'distort': [-0.09502691730443712, 0.12414431145934544, -0.05346734729761046, 0.0002713592418767156, -0.0005453816579719705]}, 'cam10': {'K': [1132.535725859721, 0, 570.1669828391045, 0, 1132.535725859721, 664.1030250317789, 0, 0, 1], 'R': [0.9989987390135131, -0.026922525058059504, -0.035730898308167267, -0.019364544604873395, 0.4597595836666703, -0.8878322699918583, 0.04033030946640877, 0.8876352307514316, 0.4587779018950189], 'T': [0.057459790217565705, -2.156864355933692, 3.3107137903595096], 'imgSize': [1150.0, 1330.0], 'distort': [-0.09502691730443712, 0.12414431145934544, -0.05346734729761046, 0.0002713592418767156, -0.0005453816579719705]}, 'cam11': {'K': [1132.535725859721, 0, 570.1669828391045, 0, 1132.535725859721, 664.1030250317789, 0, 0, 1], 'R': [0.996817879544573, -0.008813047340493348, -0.07922401919138176, -0.040174018852501686, 0.8028739151376837, -0.5947936823813165, 0.06884884334178056, 0.5960837244784175, 0.7999650180991896], 'T': [-0.054496362253314924, -1.3867336579566951, 3.7981424958403496], 'imgSize': [1150.0, 1330.0], 'distort': [-0.09502691730443712, 0.12414431145934544, -0.05346734729761046, 0.0002713592418767156, -0.0005453816579719705]}, 'cam12': {'K': [1132.535725859721, 0, 570.1669828391045, 0, 1132.535725859721, 664.1030250317789, 0, 0, 1], 'R': [0.8542964625920889, -0.24095125815429644, -0.46056491963294927, -0.28075058002074993, 0.5317994816646091, -0.7989796137069236, 0.43744332869602204, 0.8118693259971792, 0.3866672105108344], 'T': [-0.8135382576386002, -1.8655214947120382, 3.208782981974084], 'imgSize': [1150.0, 1330.0], 'distort': [-0.09502691730443712, 0.12414431145934544, -0.05346734729761046, 0.0002713592418767156, -0.0005453816579719705]}, 'cam13': {'K': [1132.535725859721, 0, 570.1669828391045, 0, 1132.535725859721, 664.1030250317789, 0, 0, 1], 'R': [0.8332510075375539, -0.2675422768525355, -0.48385316836227543, -0.07187289504418662, 0.8152871276788581, -0.5745791384997585, 0.5482034707985882, 0.5135445740514822, 0.6601097825867022], 'T': [-0.9526269963537936, -1.3049992087523477, 3.542044860174734], 'imgSize': [1150.0, 1330.0], 'distort': [-0.09502691730443712, 0.12414431145934544, -0.05346734729761046, 0.0002713592418767156, -0.0005453816579719705]}, 'cam14': {'K': [1132.535725859721, 0, 570.1669828391045, 0, 1132.535725859721, 664.1030250317789, 0, 0, 1], 'R': [-0.0020865577262407274, -0.48414008419845556, -0.8749880142888629, -0.5128337988380168, 0.7516857448399247, -0.41469270041057693, 0.8584853761399917, 0.4478581470474334, -0.24985183424785265], 'T': [-1.7483668214497057, -1.015997282362144, 1.8063534053191963], 'imgSize': [1150.0, 1330.0], 'distort': [-0.09502691730443712, 0.12414431145934544, -0.05346734729761046, 0.0002713592418767156, -0.0005453816579719705]}, 'cam15': {'K': [1132.535725859721, 0, 570.1669828391045, 0, 1132.535725859721, 664.1030250317789, 0, 0, 1], 'R': [0.010397615863587662, -0.5195312708468481, -0.8543881718496649, -0.1523531106166957, 0.84363563190708, -0.5148470163671507, 0.9882714299572615, 0.13552187716010763, -0.07038040594675728], 'T': [-1.7161598047275635, -1.2494328907141878, 1.9316978572381343], 'imgSize': [1150.0, 1330.0], 'distort': [-0.09502691730443712, 0.12414431145934544, -0.05346734729761046, 0.0002713592418767156, -0.0005453816579719705]}, 'cam16': {'K': [1132.535725859721, 0, 570.1669828391045, 0, 1132.535725859721, 664.1030250317789, 0, 0, 1], 'R': [-0.5115803083462636, -0.4667183201049058, -0.7214288584405235, -0.4449773463031548, 0.8621624315352387, -0.24222118595665243, 0.7350379237762799, 0.1971039099756768, -0.6487444021207089], 'T': [-1.5247428309995306, -0.5991888647965662, 0.8903386333038931], 'imgSize': [1150.0, 1330.0], 'distort': [-0.09502691730443712, 0.12414431145934544, -0.05346734729761046, 0.0002713592418767156, -0.0005453816579719705]}, 'cam17': {'K': [1132.535725859721, 0, 570.1669828391045, 0, 1132.535725859721, 664.1030250317789, 0, 0, 1], 'R': [-0.46573118534438285, -0.4959702330723415, -0.7328765181828955, -0.19852050877830965, 0.8656268721974599, -0.4596517439584495, 0.8623711907248052, -0.06858313229803714, -0.5016096922628918], 'T': [-1.423418496084973, -1.2306608689971168, 0.9371693709773979], 'imgSize': [1150.0, 1330.0], 'distort': [-0.09502691730443712, 0.12414431145934544, -0.05346734729761046, 0.0002713592418767156, -0.0005453816579719705]}, 'cam18': {'K': [1132.535725859721, 0, 570.1669828391045, 0, 1132.535725859721, 664.1030250317789, 0, 0, 1], 'R': [-0.8936099305434948, -0.2588256170655775, -0.366702320669878, -0.2528266661995407, 0.965310418100933, -0.0652263256992651, 0.3708638144824553, 0.034425232844871916, -0.9280489935618156], 'T': [-0.8530541088678599, -0.2274628889606316, 0.23837948438928655], 'imgSize': [1150.0, 1330.0], 'distort': [-0.09502691730443712, 0.12414431145934544, -0.05346734729761046, 0.0002713592418767156, -0.0005453816579719705]}, 'cam19': {'K': [1132.535725859721, 0, 570.1669828391045, 0, 1132.535725859721, 664.1030250317789, 0, 0, 1], 'R': [-0.8814115328261616, -0.27213220843206215, -0.3860800058730376, -0.11895285827086018, 0.9189000103269961, -0.3761289519968366, 0.45712572374591764, -0.2855990759000014, -0.8422999706368488], 'T': [-0.8266359380387244, -1.0479420411592788, 0.16642044676637083], 'imgSize': [1150.0, 1330.0], 'distort': [-0.09502691730443712, 0.12414431145934544, -0.05346734729761046, 0.0002713592418767156, -0.0005453816579719705]}}\n"
     ]
    }
   ],
   "source": [
    "import numpy as np\n",
    "from icecream import ic\n",
    "\n",
    "frame_num = '49_50_'\n",
    "cameras = elem.getElementsByTagName('camera')\n",
    "\n",
    "out = dict()\n",
    "for i in range(20):\n",
    "    out['cam'+str(i)] = dict()\n",
    "\n",
    "for camera in cameras:\n",
    "    parameters = dict()\n",
    "    \n",
    "    # 属于哪一组的摄像机\n",
    "    sensor_id = camera.getAttribute('sensor_id')\n",
    "    sensor_id = int(sensor_id)\n",
    "    sensor_id = 0\n",
    "\n",
    "    print(sensor_id)\n",
    "    parameters['K'] = intrinsics['K'][sensor_id]\n",
    "    \n",
    "    label = camera.getAttribute('label')\n",
    "    cam_num = camera_sort(label)\n",
    "    \n",
    "    transform = camera.getElementsByTagName('transform')[0].childNodes[0].nodeValue\n",
    "    transform = transform.split(' ')\n",
    "    transform = [float(i) for i in transform]\n",
    "    \n",
    "    transform = np.array(transform)\n",
    "    transform = transform.reshape(4,4)\n",
    "    # 外参数矩阵为transfrom的逆矩阵\n",
    "    # print(transform)\n",
    "    extrinsics = np.linalg.inv(transform)\n",
    "    # extrinsics = transform\n",
    "\n",
    "    # ic(transform@extrinsics)\n",
    "\n",
    "    R = extrinsics[0:3,0:3].reshape(-1).tolist()\n",
    "    T = extrinsics[0:3,-1].tolist()\n",
    "    \n",
    "    parameters['R'] = R\n",
    "    parameters['T'] = T\n",
    "    parameters['imgSize'] = [intrinsics['width'][sensor_id], intrinsics['height'][sensor_id]]\n",
    "    parameters['distort'] = intrinsics['distort'][sensor_id]\n",
    "    \n",
    "    out['cam'+str(cam_num)] = parameters\n",
    "\n",
    "print(out)\n",
    "# cameras.getElementsByTagName('camera')[0].getAttribute('label')"
   ]
  },
  {
   "cell_type": "code",
   "execution_count": 22,
   "id": "c23687b9",
   "metadata": {
    "ExecuteTime": {
     "start_time": "2023-09-13T21:38:52.886026Z",
     "end_time": "2023-09-13T21:38:52.929512Z"
    }
   },
   "outputs": [],
   "source": [
    "import json\n",
    "with open(\"camera.json\", \"w\", encoding='utf-8') as f:\n",
    "    json.dump(out, f, indent=4)"
   ]
  }
 ],
 "metadata": {
  "kernelspec": {
   "name": "python3",
   "language": "python",
   "display_name": "Python 3 (ipykernel)"
  },
  "language_info": {
   "codemirror_mode": {
    "name": "ipython",
    "version": 3
   },
   "file_extension": ".py",
   "mimetype": "text/x-python",
   "name": "python",
   "nbconvert_exporter": "python",
   "pygments_lexer": "ipython3",
   "version": "3.8.8"
  }
 },
 "nbformat": 4,
 "nbformat_minor": 5
}
