{
 "cells": [
  {
   "cell_type": "code",
   "execution_count": 1,
   "id": "70bbb65f",
   "metadata": {
    "ExecuteTime": {
     "end_time": "2023-11-16T15:48:32.782480Z",
     "start_time": "2023-11-16T15:48:32.781157Z"
    }
   },
   "outputs": [],
   "source": [
    "from xml.dom.minidom import parse"
   ]
  },
  {
   "cell_type": "code",
   "execution_count": 2,
   "id": "c58c2426",
   "metadata": {
    "ExecuteTime": {
     "end_time": "2023-11-16T15:48:32.793236Z",
     "start_time": "2023-11-16T15:48:32.781437Z"
    }
   },
   "outputs": [
    {
     "data": {
      "text/plain": [
       "<DOM Element: document at 0x1987149cd30>"
      ]
     },
     "execution_count": 2,
     "metadata": {},
     "output_type": "execute_result"
    }
   ],
   "source": [
    "dom = parse('./xmls/violin_0110.xml')\n",
    "elem = dom.documentElement\n",
    "elem"
   ]
  },
  {
   "cell_type": "code",
   "execution_count": 3,
   "id": "b5f2e891",
   "metadata": {
    "ExecuteTime": {
     "end_time": "2023-11-16T15:48:32.793434Z",
     "start_time": "2023-11-16T15:48:32.781642Z"
    }
   },
   "outputs": [],
   "source": [
    "sensors = elem.getElementsByTagName('calibration')"
   ]
  },
  {
   "cell_type": "code",
   "execution_count": 4,
   "id": "d9b06062",
   "metadata": {
    "ExecuteTime": {
     "end_time": "2023-10-09T16:51:46.253965Z",
     "start_time": "2023-10-09T16:51:46.253216Z"
    }
   },
   "outputs": [],
   "source": [
    "# 默认字典值为空列表\n",
    "from collections import defaultdict\n",
    "intrinsics = defaultdict(list)\n",
    "\n",
    "for sensor in sensors:\n",
    "    resolution = sensor.getElementsByTagName('resolution')\n",
    "    width = resolution[0].getAttribute('width')\n",
    "    height = resolution[0].getAttribute('height')\n",
    "    intrinsics['width'].append(float(width))\n",
    "    intrinsics['height'].append(float(height))\n",
    "    \n",
    "    f = float(sensor.getElementsByTagName('f')[0].childNodes[0].nodeValue)\n",
    "    intrinsics['f'].append(f)\n",
    "    try:\n",
    "        cx = sensor.getElementsByTagName('cx')[0].childNodes[0].nodeValue\n",
    "        cx = float(width)/2 + float(cx)\n",
    "    except IndexError as e:\n",
    "        cx = 0\n",
    "        intrinsics['cx'].append(cx)\n",
    "    try:\n",
    "        cy = sensor.getElementsByTagName('cy')[0].childNodes[0].nodeValue\n",
    "        cy = float(height)/2 + float(cy)\n",
    "    except IndexError as e:\n",
    "        cy = 0\n",
    "        intrinsics['cy'].append(cy)\n",
    "    \n",
    "    K = [f, 0, cx, 0, f, cy, 0, 0, 1]\n",
    "    intrinsics['K'].append(K)\n",
    "    \n",
    "    # 径向畸变参数\n",
    "    k1 = float(sensor.getElementsByTagName('k1')[0].childNodes[0].nodeValue)\n",
    "    k2 = float(sensor.getElementsByTagName('k2')[0].childNodes[0].nodeValue)\n",
    "    try:\n",
    "        k3 = float(sensor.getElementsByTagName('k3')[0].childNodes[0].nodeValue)\n",
    "    except IndexError as e:\n",
    "        k3 = 0\n",
    "\n",
    "#     radial_distortion = [k1, k2, k3]\n",
    "#     intrinsics['radiDistort'].append(radial_distortion)\n",
    "    \n",
    "    # 切向畸变参数\n",
    "    p1 = float(sensor.getElementsByTagName('p1')[0].childNodes[0].nodeValue)\n",
    "    p2 = float(sensor.getElementsByTagName('p2')[0].childNodes[0].nodeValue)\n",
    "#     circumferential_distortion = [p1, p2]\n",
    "#     intrinsics['circumDistort'].append(circumferential_distortion)\n",
    "    \n",
    "    distort = [k1, k2, p1, p2, k3]\n",
    "    intrinsics['distort'].append(distort)"
   ]
  },
  {
   "cell_type": "code",
   "execution_count": 5,
   "id": "4c39ef06",
   "metadata": {
    "ExecuteTime": {
     "end_time": "2023-10-09T16:51:46.254067Z",
     "start_time": "2023-10-09T16:51:46.253371Z"
    }
   },
   "outputs": [],
   "source": [
    "import re\n",
    "def camera_sort(label):\n",
    "    if re.search('21334181', label):\n",
    "        return 0\n",
    "    elif re.search('21334237', label):\n",
    "        return 1\n",
    "    elif re.search('21334180', label):\n",
    "        return 2\n",
    "    elif re.search('21334209', label):\n",
    "        return 3\n",
    "    elif re.search('21334208', label):\n",
    "        return 4\n",
    "    elif re.search('21334186', label):\n",
    "        return 5\n",
    "    elif re.search('21293326', label):\n",
    "        return 6\n",
    "    elif re.search('21293325', label):\n",
    "        return 7\n",
    "    elif re.search('21293324', label):\n",
    "        return 8\n",
    "    elif re.search('21334206', label):\n",
    "        return 9\n",
    "    elif re.search('21334220', label):\n",
    "        return 10\n",
    "    elif re.search('21334183', label):\n",
    "        return 11\n",
    "    elif re.search('21334207', label):\n",
    "        return 12\n",
    "    elif re.search('21334191', label):\n",
    "        return 13\n",
    "    elif re.search('21334184', label):\n",
    "        return 14\n",
    "    elif re.search('21334238', label):\n",
    "        return 15\n",
    "    elif re.search('21334221', label):\n",
    "        return 16\n",
    "    elif re.search('21334219', label):\n",
    "        return 17\n",
    "    elif re.search('21334190', label):\n",
    "        return 18\n",
    "    elif re.search('21334211', label):\n",
    "        return 19\n",
    "    elif re.search('21334218', label):\n",
    "        return 20\n",
    "    elif re.search('21334182', label):\n",
    "        return 21\n",
    "    elif re.search('21334236', label):\n",
    "        return 22\n",
    "    elif re.search('21334210', label):\n",
    "        return 23"
   ]
  },
  {
   "cell_type": "code",
   "execution_count": 6,
   "id": "ea092f5a",
   "metadata": {
    "ExecuteTime": {
     "end_time": "2023-10-09T16:51:46.313987Z",
     "start_time": "2023-10-09T16:51:46.253772Z"
    }
   },
   "outputs": [
    {
     "name": "stdout",
     "output_type": "stream",
     "text": [
      "0\n",
      "0\n",
      "0\n",
      "0\n",
      "0\n",
      "0\n",
      "0\n",
      "0\n",
      "0\n",
      "0\n",
      "0\n",
      "0\n",
      "0\n",
      "0\n",
      "0\n",
      "0\n",
      "0\n",
      "0\n",
      "0\n",
      "0\n",
      "{'cam0': {'K': [2260.8503239411843, 0, 1143.8851237750073, 0, 2260.8503239411843, 1322.8053757631267, 0, 0, 1], 'R': [-0.8982254372125936, 0.20087516753293896, -0.3909478622692018, 0.20496924697950486, -0.5953916015296141, -0.7768503386242789, -0.3888170157502113, -0.7779190239971091, 0.49362264977053516], 'T': [-1.0089580497966544, -1.9756573554797214, 4.001821755280975], 'imgSize': [2300.0, 2656.0], 'distort': [-0.08070181281428317, 0.07073135614489252, 0.00041367781062973916, 0.00040268812937706435, 0.007616502793938485]}, 'cam1': {'K': [2260.8503239411843, 0, 1143.8851237750073, 0, 2260.8503239411843, 1322.8053757631267, 0, 0, 1], 'R': [-0.8960112463741181, 0.20838877069426462, -0.39209433382750136, 0.06003760153916673, -0.8180670406919377, -0.5719805969916802, -0.43995378481440883, -0.5360414509924282, 0.7204861067677915], 'T': [-1.0528174916798543, -1.6000693605485743, 4.290761132553815], 'imgSize': [2300.0, 2656.0], 'distort': [-0.08070181281428317, 0.07073135614489252, 0.00041367781062973916, 0.00040268812937706435, 0.007616502793938485]}, 'cam2': {'K': [2260.8503239411843, 0, 1143.8851237750073, 0, 2260.8503239411843, 1322.8053757631267, 0, 0, 1], 'R': [-0.4922825331335329, 0.45036644485774474, -0.7448677553215927, 0.3655027203683422, -0.6696882981575675, -0.6464714569988086, -0.7899782712043245, -0.5904977973346022, 0.1650656910687672], 'T': [-1.9754185216752316, -1.6413624178163644, 3.148861191896869], 'imgSize': [2300.0, 2656.0], 'distort': [-0.08070181281428317, 0.07073135614489252, 0.00041367781062973916, 0.00040268812937706435, 0.007616502793938485]}, 'cam3': {'K': [2260.8503239411843, 0, 1143.8851237750073, 0, 2260.8503239411843, 1322.8053757631267, 0, 0, 1], 'R': [-0.44803296503448864, 0.4664419751754484, -0.7626915143338298, 0.15990365052257965, -0.7975401046216788, -0.5816877204046812, -0.8796006393767328, -0.3825724314616369, 0.28273848322005024], 'T': [-2.120144273808269, -1.8638002194563732, 3.1093788713454966], 'imgSize': [2300.0, 2656.0], 'distort': [-0.08070181281428317, 0.07073135614489252, 0.00041367781062973916, 0.00040268812937706435, 0.007616502793938485]}, 'cam4': {'K': [2260.8503239411843, 0, 1143.8851237750073, 0, 2260.8503239411843, 1322.8053757631267, 0, 0, 1], 'R': [-0.031940722224178764, 0.4791983095638358, -0.8771252877297293, 0.45250224925410565, -0.7755514673979712, -0.4401836387654922, -0.891191059584741, -0.410960948908794, -0.1920666389256883], 'T': [-2.2036102873211227, -1.140406881655675, 2.1781513858607306], 'imgSize': [2300.0, 2656.0], 'distort': [-0.08070181281428317, 0.07073135614489252, 0.00041367781062973916, 0.00040268812937706435, 0.007616502793938485]}, 'cam5': {}, 'cam6': {}, 'cam7': {}, 'cam8': {'K': [2260.8503239411843, 0, 1143.8851237750073, 0, 2260.8503239411843, 1322.8053757631267, 0, 0, 1], 'R': [1.0, 0.0, 0.0, -0.0, -1.0, -0.0, -0.0, -0.0, -1.0], 'T': [0.0, -0.0, -0.0], 'imgSize': [2300.0, 2656.0], 'distort': [-0.08070181281428317, 0.07073135614489252, 0.00041367781062973916, 0.00040268812937706435, 0.007616502793938485]}, 'cam9': {'K': [2260.8503239411843, 0, 1143.8851237750073, 0, 2260.8503239411843, 1322.8053757631267, 0, 0, 1], 'R': [0.9992943717141096, -0.035883069184171314, 0.011097928024052272, -0.027721582245974482, -0.9039741780788915, -0.4266874725655443, 0.025343096462009974, 0.4260787376911881, -0.9043310437827516], 'T': [-0.010582376128180504, -1.0497081728403361, -0.0856803022909414], 'imgSize': [2300.0, 2656.0], 'distort': [-0.08070181281428317, 0.07073135614489252, 0.00041367781062973916, 0.00040268812937706435, 0.007616502793938485]}, 'cam10': {'K': [2260.8503239411843, 0, 1143.8851237750073, 0, 2260.8503239411843, 1322.8053757631267, 0, 0, 1], 'R': [0.8668284951971482, -0.21532732277503902, 0.4497138023018446, -0.18512718836931186, -0.9764592601131401, -0.11070337603601746, 0.4629646682423204, 0.012706589071531773, -0.8862856529096278], 'T': [1.1813606877238951, -0.049452290547028585, 0.28470040285246406], 'imgSize': [2300.0, 2656.0], 'distort': [-0.08070181281428317, 0.07073135614489252, 0.00041367781062973916, 0.00040268812937706435, 0.007616502793938485]}, 'cam11': {'K': [2260.8503239411843, 0, 1143.8851237750073, 0, 2260.8503239411843, 1322.8053757631267, 0, 0, 1], 'R': [0.8259010624765447, -0.2819938889266347, 0.48822830889671714, -0.07484419899846054, -0.9131078194167785, -0.4007897902843997, 0.5588253581186113, 0.29447165691788957, -0.7752423249511334], 'T': [1.156150422055605, -1.0657397197686733, 0.22389688709445854], 'imgSize': [2300.0, 2656.0], 'distort': [-0.08070181281428317, 0.07073135614489252, 0.00041367781062973916, 0.00040268812937706435, 0.007616502793938485]}, 'cam12': {'K': [2260.8503239411843, 0, 1143.8851237750073, 0, 2260.8503239411843, 1322.8053757631267, 0, 0, 1], 'R': [0.480796869336326, -0.4288783695988618, 0.7647860580100874, -0.38473628322748465, -0.8869549514719891, -0.25551693960992455, 0.7879164694335867, -0.1713892007961498, -0.5914502337862152], 'T': [2.0256142924776492, -0.4705850205289635, 1.1001366980779836], 'imgSize': [2300.0, 2656.0], 'distort': [-0.08070181281428317, 0.07073135614489252, 0.00041367781062973916, 0.00040268812937706435, 0.007616502793938485]}, 'cam13': {'K': [2260.8503239411843, 0, 1143.8851237750073, 0, 2260.8503239411843, 1322.8053757631267, 0, 0, 1], 'R': [0.47847548285112845, -0.3997277477148435, 0.781843296330664, -0.041649362343141524, -0.8997086906587911, -0.4344992549699626, 0.8771126170149358, 0.1753339660757758, -0.44713695599150477], 'T': [2.06032842057744, -1.010670571846793, 1.1238573378846477], 'imgSize': [2300.0, 2656.0], 'distort': [-0.08070181281428317, 0.07073135614489252, 0.00041367781062973916, 0.00040268812937706435, 0.007616502793938485]}, 'cam14': {'K': [2260.8503239411843, 0, 1143.8851237750073, 0, 2260.8503239411843, 1322.8053757631267, 0, 0, 1], 'R': [-0.519595860337508, -0.4245432153646826, 0.7414736679127187, -0.35271767834162404, -0.683838272240274, -0.6387139084165393, 0.7782097283543933, -0.5934039734508465, 0.20557563811728183], 'T': [2.0019603088088407, -1.445488371648623, 3.2147416134968965], 'imgSize': [2300.0, 2656.0], 'distort': [-0.08070181281428317, 0.07073135614489252, 0.00041367781062973916, 0.00040268812937706435, 0.007616502793938485]}, 'cam15': {'K': [2260.8503239411843, 0, 1143.8851237750073, 0, 2260.8503239411843, 1322.8053757631267, 0, 0, 1], 'R': [-0.4532768532341657, -0.40979487074942195, 0.7915859133597537, -0.10057481657741335, -0.8588718010185997, -0.5022190116726829, 0.8856775940445546, -0.3072578612867881, 0.3480916633372839], 'T': [2.2853897894427466, -1.280979762659611, 3.255154287782925], 'imgSize': [2300.0, 2656.0], 'distort': [-0.08070181281428317, 0.07073135614489252, 0.00041367781062973916, 0.00040268812937706435, 0.007616502793938485]}, 'cam16': {'K': [2260.8503239411843, 0, 1143.8851237750073, 0, 2260.8503239411843, 1322.8053757631267, 0, 0, 1], 'R': [-0.8480291787826973, -0.22497010368143608, 0.4798280571024457, -0.2700001667120345, -0.5956852265983343, -0.7564780372145411, 0.45601142738819367, -0.771069104076966, 0.44441648802595896], 'T': [1.3873729421224639, -1.9104802443458275, 3.85364260288759], 'imgSize': [2300.0, 2656.0], 'distort': [-0.08070181281428317, 0.07073135614489252, 0.00041367781062973916, 0.00040268812937706435, 0.007616502793938485]}, 'cam17': {'K': [2260.8503239411843, 0, 1143.8851237750073, 0, 2260.8503239411843, 1322.8053757631267, 0, 0, 1], 'R': [-0.8569176450412203, -0.20163047442874504, 0.4743809665223186, -0.12691008270960405, -0.8094570534584151, -0.5733001914469087, 0.49958580896944194, -0.5514747776535747, 0.6680490918250613], 'T': [1.3436915104108653, -1.6423887748277457, 4.100048659793555], 'imgSize': [2300.0, 2656.0], 'distort': [-0.08070181281428317, 0.07073135614489252, 0.00041367781062973916, 0.00040268812937706435, 0.007616502793938485]}, 'cam18': {'K': [2260.8503239411843, 0, 1143.8851237750073, 0, 2260.8503239411843, 1322.8053757631267, 0, 0, 1], 'R': [-0.9995872520106305, 0.016733540682740102, 0.023351964244028554, -0.02866608325347363, -0.5274223046165811, -0.8491195253106829, -0.0018924293223857368, -0.8494384622850286, 0.5276842971911391], 'T': [0.1220989761278033, -2.2812319498505964, 4.095296892452077], 'imgSize': [2300.0, 2656.0], 'distort': [-0.08070181281428317, 0.07073135614489252, 0.00041367781062973916, 0.00040268812937706435, 0.007616502793938485]}, 'cam19': {'K': [2260.8503239411843, 0, 1143.8851237750073, 0, 2260.8503239411843, 1322.8053757631267, 0, 0, 1], 'R': [-0.9992439727240677, 0.010400727351011264, 0.037460750729154425, -0.03076703807858208, -0.8005971269715934, -0.5984125914891014, 0.023767043200469816, -0.5991127315918109, 0.8003118532810233], 'T': [0.21275349302279842, -1.6798183029464184, 4.491536798958825], 'imgSize': [2300.0, 2656.0], 'distort': [-0.08070181281428317, 0.07073135614489252, 0.00041367781062973916, 0.00040268812937706435, 0.007616502793938485]}, 'cam21': {'K': [2260.8503239411843, 0, 1143.8851237750073, 0, 2260.8503239411843, 1322.8053757631267, 0, 0, 1], 'R': [0.44599561529840187, -0.4140017036019951, 0.7935304030402655, -0.23387446255307126, -0.9096943614601692, -0.3431601732326843, 0.8639390296196324, -0.03253856392374729, -0.5025441223988879], 'T': [1.984489975645406, -0.7219081695838969, 1.115013094679831], 'imgSize': [2300.0, 2656.0], 'distort': [-0.08070181281428317, 0.07073135614489252, 0.00041367781062973916, 0.00040268812937706435, 0.007616502793938485]}, 'cam23': {'K': [2260.8503239411843, 0, 1143.8851237750073, 0, 2260.8503239411843, 1322.8053757631267, 0, 0, 1], 'R': [0.8625377724420374, 0.24639841004492968, -0.44194616712678886, 0.21242066406001123, -0.9690594765746255, -0.12570279368899118, -0.4592450898932212, 0.014544909358394609, -0.8881905161735987], 'T': [-1.157772142026548, -0.14136842100461822, 0.3091461854625151], 'imgSize': [2300.0, 2656.0], 'distort': [-0.08070181281428317, 0.07073135614489252, 0.00041367781062973916, 0.00040268812937706435, 0.007616502793938485]}, 'cam20': {'K': [2260.8503239411843, 0, 1143.8851237750073, 0, 2260.8503239411843, 1322.8053757631267, 0, 0, 1], 'R': [0.9968507980812896, 0.037321313674018926, -0.069968606605689, 0.02369960776658712, -0.9822140837610743, -0.18626277742239034, -0.07567572237122089, 0.18401796979381765, -0.9800053937793176], 'T': [0.019625311557628033, -0.4728649134445507, -0.14756331553298], 'imgSize': [2300.0, 2656.0], 'distort': [-0.08070181281428317, 0.07073135614489252, 0.00041367781062973916, 0.00040268812937706435, 0.007616502793938485]}}\n"
     ]
    }
   ],
   "source": [
    "import numpy as np\n",
    "# from icecream import ic\n",
    "\n",
    "cameras = elem.getElementsByTagName('camera')\n",
    "\n",
    "out = dict()\n",
    "for i in range(20):\n",
    "    out['cam'+str(i)] = dict()\n",
    "\n",
    "for camera in cameras:\n",
    "    parameters = dict()\n",
    "    \n",
    "    # 属于哪一组的摄像机\n",
    "    sensor_id = camera.getAttribute('sensor_id')\n",
    "    sensor_id = int(sensor_id)\n",
    "    sensor_id = 0\n",
    "\n",
    "    print(sensor_id)\n",
    "    parameters['K'] = intrinsics['K'][sensor_id]\n",
    "    \n",
    "    label = camera.getAttribute('label')\n",
    "    cam_num = camera_sort(label)\n",
    "    \n",
    "    transform = camera.getElementsByTagName('transform')[0].childNodes[0].nodeValue\n",
    "    transform = transform.split(' ')\n",
    "    transform = [float(i) for i in transform]\n",
    "    \n",
    "    transform = np.array(transform)\n",
    "    transform = transform.reshape(4,4)\n",
    "    # 外参数矩阵为transfrom的逆矩阵\n",
    "    # print(transform)\n",
    "    extrinsics = np.linalg.inv(transform)\n",
    "    # extrinsics = transform\n",
    "\n",
    "    # ic(transform@extrinsics)\n",
    "\n",
    "    R = extrinsics[0:3,0:3].reshape(-1).tolist()\n",
    "    T = extrinsics[0:3,-1].tolist()\n",
    "    \n",
    "    parameters['R'] = R\n",
    "    parameters['T'] = T\n",
    "    parameters['imgSize'] = [intrinsics['width'][sensor_id], intrinsics['height'][sensor_id]]\n",
    "    parameters['distort'] = intrinsics['distort'][sensor_id]\n",
    "    \n",
    "    out['cam'+str(cam_num)] = parameters\n",
    "\n",
    "print(out)\n",
    "# cameras.getElementsByTagName('camera')[0].getAttribute('label')"
   ]
  },
  {
   "cell_type": "code",
   "execution_count": 7,
   "id": "c23687b9",
   "metadata": {
    "ExecuteTime": {
     "end_time": "2023-10-09T16:51:46.323883Z",
     "start_time": "2023-10-09T16:51:46.320035Z"
    }
   },
   "outputs": [],
   "source": [
    "import json\n",
    "with open(\"./jsons/violin_0110_camera.json\", \"w\", encoding='utf-8') as f:\n",
    "    json.dump(out, f, indent=4)"
   ]
  },
  {
   "cell_type": "code",
   "execution_count": null,
   "id": "e9bce682",
   "metadata": {},
   "outputs": [],
   "source": []
  }
 ],
 "metadata": {
  "kernelspec": {
   "display_name": "Python 3 (ipykernel)",
   "language": "python",
   "name": "python3"
  },
  "language_info": {
   "codemirror_mode": {
    "name": "ipython",
    "version": 3
   },
   "file_extension": ".py",
   "mimetype": "text/x-python",
   "name": "python",
   "nbconvert_exporter": "python",
   "pygments_lexer": "ipython3",
   "version": "3.9.7"
  }
 },
 "nbformat": 4,
 "nbformat_minor": 5
}
