<?xml version="1.0" encoding="UTF-8"?>
<document version="2.0.0">
  <chunk label="Chunk 1" enabled="true">
    <sensors next_id="1">
      <sensor id="0" label="unknown" type="frame">
        <resolution width="2300" height="2656"/>
        <property name="layer_index" value="0"/>
        <bands>
          <band label="Red"/>
          <band label="Green"/>
          <band label="Blue"/>
        </bands>
        <data_type>uint8</data_type>
        <calibration type="frame" class="adjusted">
          <resolution width="2300" height="2656"/>
          <f>2260.6630192368862</f>
          <cx>-7.2165907011094568</cx>
          <cy>-4.3937897743022765</cy>
          <k1>-0.082910574277566179</k1>
          <k2>0.080034832372009423</k2>
          <p1>0.00023975598899933593</p1>
          <p2>0.00019485227404902043</p2>
        </calibration>
        <covariance>
          <params>f cx cy k1 k2 p1 p2</params>
          <coeffs>0.053174227705480727 -0.00081034152778164175 -0.023346225594165541 -1.2462062810417151e-05 5.7698537075908624e-05 -4.6348821297773289e-07 1.4813433558565673e-06 -0.00081034152778164175 0.19033127541977635 0.0057755321901133694 1.4133780407046995e-06 -6.1217277884661389e-06 2.4808554786001664e-05 1.2571680807676071e-06 -0.023346225594165541 0.0057755321901133694 0.4631355580494394 -3.1388203757530778e-05 9.4670296761747703e-05 3.9156435547604185e-07 6.2137234184036317e-05 -1.2462062810417151e-05 1.4133780407046995e-06 -3.1388203757530778e-05 1.4677098269078131e-07 -1.5532042940622862e-07 1.7072366811050233e-11 -1.0728497503609317e-08 5.7698537075908624e-05 -6.1217277884661389e-06 9.4670296761747703e-05 -1.5532042940622862e-07 2.8463457523701078e-07 -1.487142375234459e-09 1.9431811356152636e-08 -4.6348821297773289e-07 2.4808554786001664e-05 3.9156435547604185e-07 1.7072366811050233e-11 -1.487142375234459e-09 3.4853760013648705e-09 7.6607523960103786e-11 1.4813433558565673e-06 1.2571680807676071e-06 6.2137234184036317e-05 -1.0728497503609317e-08 1.9431811356152636e-08 7.6607523960103786e-11 1.116637835164041e-08</coeffs>
        </covariance>
      </sensor>
    </sensors>
    <components next_id="1" active_id="0">
      <component id="0" label="Component 1">
        <region>
          <center>-0.14840652564842949 -0.59703990474986812 -1.3720149894650575</center>
          <size>2.9311232884724934 3.5265736897786457 1.9242034276326496</size>
          <R>0.70822096320630845 -0.68188202011808419 0.18292068749818777 0.69013516560515198 0.61407002948122924 -0.38292486480780014 0.1487834684038481 0.39743541554899553 0.90548802863269184</R>
        </region>
        <partition>
          <camera_ids>0 1 2 3 4 5 6 7 8 9 10 11 12 13 14 15 16 17 18 19</camera_ids>
        </partition>
      </component>
    </components>
    <cameras next_id="20" next_group_id="20">
      <group id="0" label="21293324" type="folder">
        <camera id="0" sensor_id="0" component_id="0" label="camera_21293324_1">
          <transform>-0.55451710784333752 -0.50608387147470058 0.66059813210622897 -1.0970382789312292 -0.72942651092374655 -0.086508655006435731 -0.67856703262874984 0.93920726675364086 0.4005592868361309 -0.85813481903612088 -0.32118046342698692 -1.0618616359308497 0 0 0 1</transform>
        </camera>
      </group>
      <group id="1" label="21293325" type="folder">
        <camera id="1" sensor_id="0" component_id="0" label="camera_21293325_1">
          <transform>0.36280313334812953 -0.18061769443000769 0.91419425446212899 -1.2768504579073443 -0.87463808276304622 -0.40449806285689599 0.26718821329841919 -0.51944490149535094 0.3215308859400019 -0.89652583097410365 -0.30472827860707408 -1.0634125225611719 0 0 0 1</transform>
          <rotation_covariance>4.3281169224037501e-08 -3.051924000091403e-09 3.8683379312555834e-08 -3.0519240000914038e-09 1.4084753542006592e-08 -1.2059275989648403e-08 3.8683379312555841e-08 -1.2059275989648406e-08 8.5149353483922496e-08</rotation_covariance>
          <location_covariance>1.2494807342652113e-07 -9.4771558416650456e-09 1.3822973386327622e-08 -9.4771558416650456e-09 7.5653608121151828e-08 1.5067428324711208e-08 1.3822973386327622e-08 1.5067428324711208e-08 9.2073298193548182e-08</location_covariance>
        </camera>
      </group>
      <group id="2" label="21293326" type="folder">
        <camera id="2" sensor_id="0" component_id="0" label="camera_21293326_1">
          <transform>0.34854582877468282 -0.50603315059462683 0.78895263212885336 -1.2035036040858771 -0.87556587103779593 -0.47619517051460003 0.081379143841630794 -0.28396313057260508 0.33451488863366785 -0.71914435969271617 -0.60904119663989764 -0.51280178899383011 0 0 0 1</transform>
          <rotation_covariance>3.5926489563227372e-08 -1.6625261460534949e-08 2.7431613617616101e-08 -1.6625261460534952e-08 3.0884003763465092e-08 -3.3837305516118591e-08 2.7431613617616101e-08 -3.3837305516118591e-08 6.4036047809569663e-08</rotation_covariance>
          <location_covariance>8.1234860578422541e-08 -9.6836411161361917e-09 -5.7355250173154487e-09 -9.6836411161361917e-09 1.2681761624385126e-07 2.0565120294962794e-08 -5.7355250173154487e-09 2.0565120294962794e-08 7.0242342572921966e-08</location_covariance>
        </camera>
      </group>
      <group id="3" label="21334180" type="folder">
        <camera id="3" sensor_id="0" component_id="0" label="camera_21334180_1">
          <transform>0.99263485932059892 -0.11865144581075958 0.024451389911244341 -0.13370337848919159 -0.10889943102591335 -0.7855086438916854 0.6091937986336341 -1.0531642956297373 -0.053074946856381075 -0.60736974305480573 -0.7926443371637315 -0.32615244759792755 0 0 0 1</transform>
          <rotation_covariance>2.0790960944847753e-07 -4.0098986021820604e-08 7.5447418448410436e-08 -4.0098986021820617e-08 2.7842315985777351e-08 -3.5645193916394766e-08 7.5447418448410436e-08 -3.5645193916394753e-08 6.8599902809058363e-08</rotation_covariance>
          <location_covariance>1.8891260305710911e-07 5.457338206794331e-08 -2.2155202168568388e-08 5.457338206794331e-08 1.4655760081625366e-07 1.0742407936557117e-07 -2.2155202168568388e-08 1.0742407936557117e-07 3.3077715962433048e-07</location_covariance>
        </camera>
      </group>
      <group id="4" label="21334181" type="folder">
        <camera id="4" sensor_id="0" component_id="0" label="camera_21334181_1">
          <transform>0.86105448855078603 0.10743442125053071 -0.49703421700835398 0.66982765723918225 0.40126906161509268 -0.74394597183460021 0.53434776239974502 -0.91980445379990561 -0.31235926100739697 -0.65954699311090392 -0.68368812768782028 -0.48810608862391441 0 0 0 1</transform>
          <rotation_covariance>2.9814010373508124e-07 -3.2652821717464018e-08 4.8068715525407645e-08 -3.2652821717464018e-08 2.2646216010089809e-08 -2.3265346097082001e-08 4.8068715525407645e-08 -2.3265346097082011e-08 4.7219156587856871e-08</rotation_covariance>
          <location_covariance>1.7021540934542212e-07 1.1373873931849158e-07 -1.581154874721762e-08 1.1373873931849158e-07 2.0718283807691518e-07 1.2434717580293461e-07 -1.581154874721762e-08 1.2434717580293461e-07 4.9766001751344631e-07</location_covariance>
        </camera>
      </group>
      <group id="5" label="21334183" type="folder">
        <camera id="5" sensor_id="0" component_id="0" label="camera_21334183_1">
          <transform>-0.8940199954725141 -0.15684543252441049 0.41967577722756005 -0.62400714761923581 -0.36124668776906022 -0.30171255755512333 -0.88230967533481652 1.0771777435937029 0.26500769473962282 -0.94040897640855003 0.21307716634828319 -1.832104906844503 0 0 0 1</transform>
          <rotation_covariance>1.6344388205279896e-08 1.6284388523942024e-09 -7.9516134850568729e-09 1.6284388523942022e-09 8.2259303216527194e-09 -6.2718869677352166e-09 -7.9516134850568729e-09 -6.2718869677352166e-09 2.9633200877239809e-08</rotation_covariance>
          <location_covariance>5.0721562491901694e-08 -1.4876828913682967e-08 9.7066895636742749e-09 -1.4876828913682967e-08 4.3537459553978353e-08 -4.7826270440807989e-09 9.7066895636742749e-09 -4.7826270440807989e-09 4.0634945978882161e-08</location_covariance>
        </camera>
      </group>
      <group id="6" label="21334184" type="folder">
        <camera id="6" sensor_id="0" component_id="0" label="camera_21334184_1">
          <transform>-0.4985793497746363 0.32631534196574385 -0.80307965331969478 1.2187791650347106 0.80852247147077083 -0.15901878301039324 -0.56657253708301991 0.65060738367988713 -0.31258606031795116 -0.9317893132289472 -0.1845498053296972 -1.2150275597906779 0 0 0 1</transform>
          <rotation_covariance>1.7887623614558032e-07 5.0959533360884185e-08 -8.5080814635611545e-08 5.0959533360884185e-08 3.6838517697088222e-08 -4.7758394755509796e-08 -8.5080814635611545e-08 -4.7758394755509796e-08 8.7099754399303613e-08</rotation_covariance>
          <location_covariance>3.3633856955554056e-08 2.9776154228856283e-08 3.1240732990450457e-08 2.9776154228856283e-08 2.7718656019302687e-07 8.4641541167679331e-08 3.1240732990450457e-08 8.4641541167679331e-08 2.9608666977346521e-07</location_covariance>
        </camera>
      </group>
      <group id="7" label="21334186" type="folder">
        <camera id="7" sensor_id="0" component_id="0" label="camera_21334186_1">
          <transform>0.78327540700391385 -0.14237699231591633 0.60515157509662587 -0.83961962678023561 -0.58441003608688336 -0.50058666616145475 0.63865319178900859 -1.0283526469821846 0.21200128892009398 -0.85389799257313759 -0.47530376789563245 -0.91598891259767912 0 0 0 1</transform>
          <rotation_covariance>1.1228327876772154e-07 -1.0419701314903808e-08 8.4730374253420636e-08 -1.0419701314903812e-08 1.2471351030359255e-08 -1.6279873632519829e-08 8.4730374253420636e-08 -1.6279873632519832e-08 1.0264463250759973e-07</rotation_covariance>
          <location_covariance>1.9146903675515738e-07 2.521174249634235e-08 2.2277978702389183e-08 2.521174249634235e-08 8.0409514852047754e-08 4.5234266742230751e-08 2.2277978702389183e-08 4.5234266742230751e-08 2.0666003664653913e-07</location_covariance>
        </camera>
      </group>
      <group id="8" label="21334190" type="folder">
        <camera id="8" sensor_id="0" component_id="0" label="camera_21334190_1">
          <transform>0.54664563341237804 0.30750140809032273 -0.77885906009601513 1.0971397185305782 0.74572691783524414 -0.60185045934996728 0.28577506643544154 -0.57175077182210532 -0.38088044776166718 -0.73703385851852266 -0.55831100285608759 -0.68464980559387301 0 0 0 1</transform>
          <rotation_covariance>3.3253093662132401e-07 6.4754843756989678e-09 -7.0823000292346538e-09 6.4754843756990009e-09 1.8952652307932395e-08 -1.863286257010853e-08 -7.0823000292346803e-09 -1.8632862570108536e-08 4.048116295328017e-08</rotation_covariance>
          <location_covariance>1.2363248001701948e-07 1.3089919055469097e-07 1.8973038767000711e-08 1.3089919055469097e-07 2.6874448576917725e-07 1.3639617078177126e-07 1.8973038767000711e-08 1.3639617078177126e-07 5.3130673307980942e-07</location_covariance>
        </camera>
      </group>
      <group id="9" label="21334191" type="folder">
        <camera id="9" sensor_id="0" component_id="0" label="camera_21334191_1">
          <transform>-0.98563833129327683 -0.12014643268463342 -0.11866724315733319 0.04574528126844854 0.15186987588851533 -0.32338379728907862 -0.93400131715565748 1.1648957566381828 0.073841862672956282 -0.93860947915736159 0.33698609014755393 -1.9482387824174001 0 0 0 1</transform>
          <rotation_covariance>4.3538187200748416e-08 5.5722007053462632e-09 -3.7116258443660925e-08 5.5722007053462632e-09 1.2156145322959863e-08 -9.6704260792981691e-09 -3.7116258443660925e-08 -9.6704260792981691e-09 6.5857686867857986e-08</rotation_covariance>
          <location_covariance>7.0408583385563893e-08 -2.7480235680653161e-08 2.8483677541820627e-08 -2.7480235680653161e-08 9.5679545592316056e-08 -3.5375425635603529e-09 2.8483677541820627e-08 -3.5375425635603529e-09 7.8426890896796467e-08</location_covariance>
        </camera>
      </group>
      <group id="10" label="21334206" type="folder">
        <camera id="10" sensor_id="0" component_id="0" label="camera_21334206_1">
          <transform>-0.57946049717670378 -0.15788899636432771 0.79956025228796423 -1.1583366062712994 -0.72484637672798735 -0.34866409495902212 -0.59416418524740666 0.69684942067118927 0.37258993861353146 -0.92385302603469976 0.087591802872719851 -1.6095039972962966 0 0 0 1</transform>
          <rotation_covariance>1.195773535480908e-08 -3.4399912711181256e-10 -1.1272898252777008e-09 -3.4399912711181297e-10 2.3057025100562287e-09 -7.0319829106452876e-10 -1.1272898252777012e-09 -7.0319829106452917e-10 1.0335435353344856e-08</rotation_covariance>
          <location_covariance>4.0860825117574471e-08 -1.5644256569826139e-08 1.1297522025872834e-08 -1.5644256569826139e-08 2.3230903138773924e-08 1.1955380360977822e-09 1.1297522025872834e-08 1.1955380360977822e-09 2.5969087917823918e-08</location_covariance>
        </camera>
      </group>
      <group id="11" label="21334207" type="folder">
        <camera id="11" sensor_id="0" component_id="0" label="camera_21334207_1">
          <transform>-0.98884781002034239 -0.067772306565214324 -0.13261569696232611 0.11895451620478296 0.13082999812744889 0.030160258915668703 -0.99094594725045981 1.4205476332836229 0.071158416283280512 -0.9972448411724022 -0.020957255237385619 -1.3976774149684175 0 0 0 1</transform>
          <rotation_covariance>3.8063024521798993e-08 1.5324003289001758e-08 -2.4845662476134396e-08 1.5324003289001755e-08 2.5193048351189781e-08 -2.6002335935980027e-08 -2.48456624761344e-08 -2.6002335935980027e-08 4.9743613783991194e-08</rotation_covariance>
          <location_covariance>7.2686852937246999e-08 -2.1257665916836105e-08 -8.7448736733730736e-09 -2.1257665916836105e-08 7.8768247962210096e-08 1.3482977957849644e-08 -8.7448736733730736e-09 1.3482977957849644e-08 7.4353437805793548e-08</location_covariance>
        </camera>
      </group>
      <group id="12" label="21334208" type="folder">
        <camera id="12" sensor_id="0" component_id="0" label="camera_21334208_1">
          <transform>0.79215648070458644 -0.38768686851778583 0.47136716268382167 -0.77065404904421275 -0.59187368915802041 -0.67642418209501254 0.43833304912996041 -0.79044914045200387 0.14890818029980354 -0.62621818710092292 -0.76529545665960585 -0.35780828436332135 0 0 0 1</transform>
          <rotation_covariance>1.0469776302665903e-07 -3.9351987581648902e-08 6.4672886128513e-08 -3.9351987581648902e-08 3.166283779245933e-08 -4.2125522445399261e-08 6.4672886128513e-08 -4.2125522445399261e-08 7.863936237664262e-08</rotation_covariance>
          <location_covariance>1.399007829336467e-07 3.3349482538785604e-09 -2.3963493520102995e-08 3.3349482538785604e-09 1.2534698997466422e-07 7.0500675899763835e-08 -2.3963493520102995e-08 7.0500675899763835e-08 1.7429768571488955e-07</location_covariance>
        </camera>
      </group>
      <group id="13" label="21334209" type="folder">
        <camera id="13" sensor_id="0" component_id="0" label="camera_21334209_1">
          <transform>0.99033132701118998 -0.10386557492985175 0.091955451631467344 -0.20220951268927082 -0.13411851959469107 -0.54752985130915821 0.82596808935158017 -1.2811587795642905 -0.03544129571536922 -0.83031500303792116 -0.5561662613716809 -0.89496629521996351 0 0 0 1</transform>
          <rotation_covariance>2.2790966252383395e-07 -1.5201120245608165e-08 1.0118818621133328e-07 -1.5201120245608158e-08 1.2342310397909078e-08 -1.5240014561718463e-08 1.0118818621133328e-07 -1.5240014561718459e-08 7.9808324993294302e-08</rotation_covariance>
          <location_covariance>2.236782040828169e-07 8.8023698569441309e-08 4.8657564540105865e-08 8.8023698569441309e-08 1.1033355901869541e-07 7.700205918586651e-08 4.8657564540105865e-08 7.700205918586651e-08 3.857020582428315e-07</location_covariance>
        </camera>
      </group>
      <group id="14" label="21334211" type="folder">
        <camera id="14" sensor_id="0" component_id="0" label="camera_21334211_1">
          <transform>0.51283252246816069 0.0017991559720504507 -0.85848678902865538 1.0214101983087569 0.76752913057181615 -0.4489332858790327 0.45755648673527288 -0.81374042326000295 -0.38458007959671403 -0.8935634660546744 -0.23160849403625533 -1.2371443945055367 0 0 0 1</transform>
          <rotation_covariance>3.6119965525550569e-07 6.4783737912603837e-09 -1.9691985167839652e-08 6.4783737912603854e-09 1.1454995345467985e-08 -6.3979869474325344e-09 -1.9691985167839665e-08 -6.397986947432536e-09 3.3903887318055449e-08</rotation_covariance>
          <location_covariance>1.6802957253685386e-07 1.6956442540375461e-07 1.0616870166426639e-07 1.6956442540375461e-07 2.405267273629869e-07 8.9867926842237567e-08 1.0616870166426639e-07 8.9867926842237567e-08 5.9351149731650202e-07</location_covariance>
        </camera>
      </group>
      <group id="15" label="21334219" type="folder">
        <camera id="15" sensor_id="0" component_id="0" label="camera_21334219_1">
          <transform>-0.033006599940602011 0.051154815818853214 -0.99814515436328222 1.2455651362787734 0.93478876372149156 -0.35181620318887569 -0.048942071817703159 -0.23064039168663336 -0.35366726110909191 -0.9346702862466012 -0.036206690366430164 -1.5186705331570949 0 0 0 1</transform>
          <rotation_covariance>3.0307605386047786e-07 2.2001749532396858e-08 -9.2317234361711319e-08 2.2001749532396832e-08 1.1957243746446538e-08 -1.3697230185880132e-08 -9.2317234361711332e-08 -1.369723018588013e-08 6.2734007046716087e-08</rotation_covariance>
          <location_covariance>1.0844091919792187e-07 1.2558772777625208e-07 1.2417874437458758e-07 1.2558772777625208e-07 2.6768949113578445e-07 7.1095527921947262e-08 1.2417874437458758e-07 7.1095527921947262e-08 5.1915374340605845e-07</location_covariance>
        </camera>
      </group>
      <group id="16" label="21334220" type="folder">
        <camera id="16" sensor_id="0" component_id="0" label="camera_21334220_1">
          <transform>-0.89032809162171689 -0.32931601263890642 0.31443099893115356 -0.56436386100479241 -0.34382805981790687 0.033546147055635855 -0.93843322687316189 1.3239080753895236 0.29849313987273712 -0.94362366430549693 -0.14309516278190995 -1.2818072418340452 0 0 0 1</transform>
          <rotation_covariance>1.0603570702527178e-08 3.1884279510497498e-09 -4.1033836420096961e-09 3.188427951049749e-09 1.3568089328061715e-08 -1.0651992685137678e-08 -4.1033836420096978e-09 -1.065199268513768e-08 1.7397684892980117e-08</rotation_covariance>
          <location_covariance>3.4919527663342903e-08 3.3654062224059197e-09 -6.6825727693737202e-09 3.3654062224059197e-09 2.7579694357869754e-08 -2.1930795618371489e-09 -6.6825727693737202e-09 -2.1930795618371489e-09 3.280172164798561e-08</location_covariance>
        </camera>
      </group>
      <group id="17" label="21334221" type="folder">
        <camera id="17" sensor_id="0" component_id="0" label="camera_21334221_1">
          <transform>0.015806051383836006 0.36970840657665305 -0.92901338141396206 1.3267563771411528 0.92575256621615098 -0.35647947429631072 -0.12611332423513888 0.010937715152345635 -0.37779935797174491 -0.85804316821007265 -0.34789303902803109 -0.96408126841979824 0 0 0 1</transform>
          <rotation_covariance>2.8154199278899218e-07 4.1209845664890877e-08 -6.6476064345778198e-08 4.120984566489087e-08 2.3317013713442157e-08 -2.9281519280609051e-08 -6.6476064345778198e-08 -2.9281519280609048e-08 5.8170836352052495e-08</rotation_covariance>
          <location_covariance>6.5113564462609271e-08 9.3619254519515675e-08 4.0651550995824192e-08 9.3619254519515675e-08 2.9578270094193242e-07 1.1726703189007587e-07 4.0651550995824192e-08 1.1726703189007587e-07 4.552486643303036e-07</location_covariance>
        </camera>
      </group>
      <group id="18" label="21334237" type="folder">
        <camera id="18" sensor_id="0" component_id="0" label="camera_21334237_1">
          <transform>0.85822513816451984 -0.07030451403569235 -0.5084357260546275 0.59641900043471341 0.41000377670947102 -0.50202206692447926 0.7614924473721616 -1.1578508078905363 -0.30878231054654226 -0.86199252875363075 -0.40202284147354106 -1.0408675394568232 0 0 0 1</transform>
          <rotation_covariance>3.4127817914827434e-07 -9.6746648636727484e-09 5.6785497214099659e-08 -9.6746648636727468e-09 1.3100705986227554e-08 -9.0746845010324874e-09 5.6785497214099652e-08 -9.074684501032494e-09 4.4621119137097862e-08</rotation_covariance>
          <location_covariance>2.1919889301073165e-07 1.5232204253721453e-07 7.1487589065929884e-08 1.5232204253721453e-07 1.7359415274216787e-07 9.5554382607447659e-08 7.1487589065929884e-08 9.5554382607447659e-08 5.7421862275322155e-07</location_covariance>
        </camera>
      </group>
      <group id="19" label="21334238" type="folder">
        <camera id="19" sensor_id="0" component_id="0" label="camera_21334238_1">
          <transform>-0.50267252658384121 -0.022220615627406404 -0.86419128395220279 1.1349000372584093 0.82122932749067779 -0.32450459768734791 -0.46933906480175103 0.40701177711952363 -0.27000504196593605 -0.94562308047176558 0.18136776723569603 -1.7689913253095961 0 0 0 1</transform>
          <rotation_covariance>1.8324015586513782e-07 1.6229531260363872e-08 -1.0586804885052936e-07 1.6229531260363859e-08 1.4598025615993444e-08 -1.547651837303315e-08 -1.0586804885052933e-07 -1.5476518373033157e-08 9.8593861313035903e-08</rotation_covariance>
          <location_covariance>5.020921399057014e-08 6.4648133087894601e-08 1.0982203810011435e-07 6.4648133087894601e-08 2.4031559314226376e-07 2.3186369906690492e-08 1.0982203810011434e-07 2.3186369906690492e-08 3.2918478294534888e-07</location_covariance>
        </camera>
      </group>
    </cameras>
    <reference>LOCAL_CS["Local Coordinates (m)",LOCAL_DATUM["Local Datum",0],UNIT["metre",1,AUTHORITY["EPSG","9001"]]]</reference>
    <region>
      <center>-0.14840652564842949 -0.59703990474986812 -1.3720149894650575</center>
      <size>2.9311232884724934 3.5265736897786457 1.9242034276326496</size>
      <R>0.70822096320630845 -0.68188202011808419 0.18292068749818777 0.69013516560515198 0.61407002948122924 -0.38292486480780014 0.1487834684038481 0.39743541554899553 0.90548802863269184</R>
    </region>
    <settings>
      <property name="accuracy_tiepoints" value="1"/>
      <property name="accuracy_cameras" value="10"/>
      <property name="accuracy_cameras_ypr" value="10"/>
      <property name="accuracy_markers" value="0.0050000000000000001"/>
      <property name="accuracy_scalebars" value="0.001"/>
      <property name="accuracy_projections" value="0.5"/>
    </settings>
    <meta>
      <property name="AlignCameras/adaptive_fitting" value="true"/>
      <property name="AlignCameras/cameras" value=""/>
      <property name="AlignCameras/duration" value="3.07"/>
      <property name="AlignCameras/min_image" value="2"/>
      <property name="AlignCameras/point_clouds" value=""/>
      <property name="AlignCameras/ram_used" value="39309312"/>
      <property name="AlignCameras/reset_alignment" value="false"/>
      <property name="AlignCameras/subdivide_task" value="true"/>
      <property name="OptimizeCameras/sigma0" value="0.314743454940874"/>
    </meta>
  </chunk>
</document>
