{
 "cells": [
  {
   "cell_type": "code",
   "execution_count": 1,
   "id": "70bbb65f",
   "metadata": {
    "ExecuteTime": {
     "start_time": "2023-09-25T17:22:12.819918Z",
     "end_time": "2023-09-25T17:22:12.820561Z"
    }
   },
   "outputs": [],
   "source": [
    "from xml.dom.minidom import parse"
   ]
  },
  {
   "cell_type": "code",
   "execution_count": 2,
   "id": "c58c2426",
   "metadata": {
    "ExecuteTime": {
     "start_time": "2023-09-25T17:22:12.820124Z",
     "end_time": "2023-09-25T17:22:12.820906Z"
    }
   },
   "outputs": [
    {
     "data": {
      "text/plain": "<DOM Element: document at 0x7f6b0c0ef3a0>"
     },
     "execution_count": 2,
     "metadata": {},
     "output_type": "execute_result"
    }
   ],
   "source": [
    "dom = parse('camera_new.xml')\n",
    "elem = dom.documentElement\n",
    "elem"
   ]
  },
  {
   "cell_type": "code",
   "execution_count": 3,
   "id": "b5f2e891",
   "metadata": {
    "ExecuteTime": {
     "start_time": "2023-09-25T17:22:12.820183Z",
     "end_time": "2023-09-25T17:22:12.820999Z"
    }
   },
   "outputs": [],
   "source": [
    "sensors = elem.getElementsByTagName('calibration')"
   ]
  },
  {
   "cell_type": "code",
   "execution_count": 4,
   "id": "d9b06062",
   "metadata": {
    "ExecuteTime": {
     "start_time": "2023-09-25T17:22:12.820225Z",
     "end_time": "2023-09-25T17:22:12.821175Z"
    }
   },
   "outputs": [
    {
     "data": {
      "text/plain": "defaultdict(list,\n            {'width': [2300.0],\n             'height': [2656.0],\n             'f': [2263.536832402793],\n             'cx': [1145.702476996091],\n             'cy': [1329.734991823213],\n             'K': [[2263.536832402793,\n               0,\n               1145.702476996091,\n               0,\n               2263.536832402793,\n               1329.734991823213,\n               0,\n               0,\n               1]],\n             'distort': [[-0.08390679225628754,\n               0.09327453495083804,\n               -0.010616292149374984,\n               0.0008191547611111152,\n               0.0005511070668098991]]})"
     },
     "execution_count": 4,
     "metadata": {},
     "output_type": "execute_result"
    }
   ],
   "source": [
    "# 默认字典值为空列表\n",
    "from collections import defaultdict\n",
    "intrinsics = defaultdict(list)\n",
    "\n",
    "for sensor in sensors:\n",
    "    resolution = sensor.getElementsByTagName('resolution')\n",
    "    width = resolution[0].getAttribute('width')\n",
    "    height = resolution[0].getAttribute('height')\n",
    "    intrinsics['width'].append(float(width))\n",
    "    intrinsics['height'].append(float(height))\n",
    "    \n",
    "    f = float(sensor.getElementsByTagName('f')[0].childNodes[0].nodeValue)\n",
    "    intrinsics['f'].append(f)\n",
    "    \n",
    "    cx = sensor.getElementsByTagName('cx')[0].childNodes[0].nodeValue\n",
    "    cx = float(width)/2 + float(cx)\n",
    "    cy = sensor.getElementsByTagName('cy')[0].childNodes[0].nodeValue\n",
    "    cy = float(height)/2 + float(cy)\n",
    "    intrinsics['cx'].append(cx)\n",
    "    intrinsics['cy'].append(cy)\n",
    "    \n",
    "    K = [f, 0, cx, 0, f, cy, 0, 0, 1]\n",
    "    intrinsics['K'].append(K)\n",
    "    \n",
    "    # 径向畸变参数\n",
    "    k1 = float(sensor.getElementsByTagName('k1')[0].childNodes[0].nodeValue)\n",
    "    k2 = float(sensor.getElementsByTagName('k2')[0].childNodes[0].nodeValue)\n",
    "    k3 = float(sensor.getElementsByTagName('k3')[0].childNodes[0].nodeValue)\n",
    "#     radial_distortion = [k1, k2, k3]\n",
    "#     intrinsics['radiDistort'].append(radial_distortion)\n",
    "    \n",
    "    # 切向畸变参数\n",
    "    p1 = float(sensor.getElementsByTagName('p1')[0].childNodes[0].nodeValue)\n",
    "    p2 = float(sensor.getElementsByTagName('p2')[0].childNodes[0].nodeValue)\n",
    "#     circumferential_distortion = [p1, p2]\n",
    "#     intrinsics['circumDistort'].append(circumferential_distortion)\n",
    "    \n",
    "    distort = [k1, k2, k3, p1, p2]\n",
    "    intrinsics['distort'].append(distort)\n",
    "    \n",
    "intrinsics"
   ]
  },
  {
   "cell_type": "code",
   "execution_count": 5,
   "id": "4c39ef06",
   "metadata": {
    "ExecuteTime": {
     "start_time": "2023-09-25T17:22:12.820330Z",
     "end_time": "2023-09-25T17:22:12.821265Z"
    }
   },
   "outputs": [],
   "source": [
    "import re\n",
    "def camera_sort(label):\n",
    "    if re.search('21334181', label):\n",
    "        return 0\n",
    "    elif re.search('21334237', label):\n",
    "        return 1\n",
    "    elif re.search('21334180', label):\n",
    "        return 2\n",
    "    elif re.search('21334209', label):\n",
    "        return 3\n",
    "    elif re.search('21334208', label):\n",
    "        return 4\n",
    "    elif re.search('21334186', label):\n",
    "        return 5\n",
    "    elif re.search('21293326', label):\n",
    "        return 6\n",
    "    elif re.search('21293325', label):\n",
    "        return 7\n",
    "    elif re.search('21293324', label):\n",
    "        return 8\n",
    "    elif re.search('21334206', label):\n",
    "        return 9\n",
    "    elif re.search('21334220', label):\n",
    "        return 10\n",
    "    elif re.search('21334183', label):\n",
    "        return 11\n",
    "    elif re.search('21334207', label):\n",
    "        return 12\n",
    "    elif re.search('21334191', label):\n",
    "        return 13\n",
    "    elif re.search('21334184', label):\n",
    "        return 14\n",
    "    elif re.search('21334238', label):\n",
    "        return 15\n",
    "    elif re.search('21334221', label):\n",
    "        return 16\n",
    "    elif re.search('21334219', label):\n",
    "        return 17\n",
    "    elif re.search('21334190', label):\n",
    "        return 18\n",
    "    elif re.search('21334211', label):\n",
    "        return 19"
   ]
  },
  {
   "cell_type": "code",
   "execution_count": 6,
   "id": "ea092f5a",
   "metadata": {
    "ExecuteTime": {
     "start_time": "2023-09-25T17:22:12.820414Z",
     "end_time": "2023-09-25T17:22:12.915423Z"
    }
   },
   "outputs": [
    {
     "name": "stdout",
     "output_type": "stream",
     "text": [
      "0\n",
      "0\n",
      "0\n",
      "0\n",
      "0\n",
      "0\n",
      "0\n",
      "0\n",
      "0\n",
      "0\n",
      "0\n",
      "0\n",
      "0\n",
      "0\n",
      "0\n",
      "0\n",
      "0\n",
      "{'cam0': {'K': [2263.536832402793, 0, 1145.702476996091, 0, 2263.536832402793, 1329.734991823213, 0, 0, 1], 'R': [-0.6681006071358447, -0.32203385738774953, 0.6707725198908207, -0.48093977428810425, -0.5009658091804041, -0.7195347048891598, 0.5677486347428959, -0.8033227575067131, 0.17981667058253653], 'T': [0.92216149982717, -0.9235894596007, 1.5334185870631467], 'imgSize': [2300.0, 2656.0], 'distort': [-0.08390679225628754, 0.09327453495083804, -0.010616292149374984, 0.0008191547611111152, 0.0005511070668098991]}, 'cam1': {'K': [2263.536832402793, 0, 1145.702476996091, 0, 2263.536832402793, 1329.734991823213, 0, 0, 1], 'R': [-0.6616755894407668, -0.32070349314184804, 0.6777423432432351, -0.25165490452348566, -0.7564865103944719, -0.6036538483439591, 0.7062968379990738, -0.5699802006015756, 0.41984205072229047], 'T': [0.9273381890786974, -0.8327513223559815, 1.6860849578711445], 'imgSize': [2300.0, 2656.0], 'distort': [-0.08390679225628754, 0.09327453495083804, -0.010616292149374984, 0.0008191547611111152, 0.0005511070668098991]}, 'cam2': {'K': [2263.536832402793, 0, 1145.702476996091, 0, 2263.536832402793, 1329.734991823213, 0, 0, 1], 'R': [-0.9530371438691927, 0.03110116062814007, 0.30125225345752, -0.28177011660822093, -0.4557048667932926, -0.8443569599212749, 0.11102163659503879, -0.8895874280746614, 0.4430670423528126], 'T': [0.45360714759353377, -1.1160565615091227, 1.9138590316276003], 'imgSize': [2300.0, 2656.0], 'distort': [-0.08390679225628754, 0.09327453495083804, -0.010616292149374984, 0.0008191547611111152, 0.0005511070668098991]}, 'cam3': {'K': [2263.536832402793, 0, 1145.702476996091, 0, 2263.536832402793, 1329.734991823213, 0, 0, 1], 'R': [-0.9573586261315185, 0.05202608084564998, 0.2841790771387167, -0.24189641059095854, -0.6821647667201178, -0.6900270701855812, 0.15795754972390896, -0.7293452666313316, 0.6656612460761779], 'T': [0.41314402002648565, -1.0705472449397149, 2.024953015689158], 'imgSize': [2300.0, 2656.0], 'distort': [-0.08390679225628754, 0.09327453495083804, -0.010616292149374984, 0.0008191547611111152, 0.0005511070668098991]}, 'cam4': {}, 'cam5': {'K': [2263.536832402793, 0, 1145.702476996091, 0, 2263.536832402793, 1329.734991823213, 0, 0, 1], 'R': [-0.9012971374547646, 0.3835936157943793, -0.2012943316083252, -0.17860102954967413, -0.7523738171648167, -0.6340625454075007, -0.39467092907844725, -0.5355273822753015, 0.7466225824161219], 'T': [-0.3261464162903424, -0.8672026826830319, 2.1666551669343526], 'imgSize': [2300.0, 2656.0], 'distort': [-0.08390679225628754, 0.09327453495083804, -0.010616292149374984, 0.0008191547611111152, 0.0005511070668098991]}, 'cam6': {'K': [2263.536832402793, 0, 1145.702476996091, 0, 2263.536832402793, 1329.734991823213, 0, 0, 1], 'R': [-0.6164004590467, 0.5128268639249087, -0.5975442090121537, 0.1784505544165386, -0.6481320877457204, -0.7403243859706394, -0.7669458088518688, -0.5629683867423795, 0.30799467822226323], 'T': [-0.8484875512146883, -0.9160948062263176, 1.7693098054152891], 'imgSize': [2300.0, 2656.0], 'distort': [-0.08390679225628754, 0.09327453495083804, -0.010616292149374984, 0.0008191547611111152, 0.0005511070668098991]}, 'cam7': {'K': [2263.536832402793, 0, 1145.702476996091, 0, 2263.536832402793, 1329.734991823213, 0, 0, 1], 'R': [-0.6296041980726514, 0.5009199002502478, -0.5938668262351211, -0.11295790697631551, -0.8152882670667242, -0.5679309401986027, -0.7686605655429606, -0.29048975045020126, 0.5698917790796387], 'T': [-0.8211853764762393, -0.7114967573942496, 1.9617272251507272], 'imgSize': [2300.0, 2656.0], 'distort': [-0.08390679225628754, 0.09327453495083804, -0.010616292149374984, 0.0008191547611111152, 0.0005511070668098991]}, 'cam8': {'K': [2263.536832402793, 0, 1145.702476996091, 0, 2263.536832402793, 1329.734991823213, 0, 0, 1], 'R': [0.2721493893986212, 0.49117384768402433, -0.8274557155529403, 0.3135579022977238, -0.8582449719315854, -0.4063213138155617, -0.9097341104721802, -0.14887518095849125, -0.38758228640892256], 'T': [-1.0975491090915985, -0.5700687254984819, 0.8686598508674352], 'imgSize': [2300.0, 2656.0], 'distort': [-0.08390679225628754, 0.09327453495083804, -0.010616292149374984, 0.0008191547611111152, 0.0005511070668098991]}, 'cam9': {'K': [2263.536832402793, 0, 1145.702476996091, 0, 2263.536832402793, 1329.734991823213, 0, 0, 1], 'R': [0.29255332037102205, 0.46066220197194513, -0.8379754712485612, -0.11501968111510467, -0.8530008064486647, -0.509077692650254, -0.9493066036302857, 0.24531604079694053, -0.19656299863312118], 'T': [-1.1332762923401445, -0.6324661263647349, 0.9589072442760291], 'imgSize': [2300.0, 2656.0], 'distort': [-0.08390679225628754, 0.09327453495083804, -0.010616292149374984, 0.0008191547611111152, 0.0005511070668098991]}, 'cam10': {'K': [2263.536832402793, 0, 1145.702476996091, 0, 2263.536832402793, 1329.734991823213, 0, 0, 1], 'R': [0.6937794758535574, 0.3136773447517166, -0.6482874071535526, 0.2494029766774919, -0.9491092379580371, -0.19232735023162728, -0.6756242995250911, -0.028252040850626815, -0.7367045731356666], 'T': [-0.8657347109320785, -0.34754406603924487, 0.39455550086090085], 'imgSize': [2300.0, 2656.0], 'distort': [-0.08390679225628754, 0.09327453495083804, -0.010616292149374984, 0.0008191547611111152, 0.0005511070668098991]}, 'cam11': {'K': [2263.536832402793, 0, 1145.702476996091, 0, 2263.536832402793, 1329.734991823213, 0, 0, 1], 'R': [0.7072935160969988, 0.2676773137880816, -0.6542818488773336, -0.09980698547661045, -0.878455574605082, -0.467284034710503, -0.6998388726965779, 0.3958088669148937, -0.5946098663277726], 'T': [-0.8814361414418138, -0.620515100747829, 0.41296255895363176], 'imgSize': [2300.0, 2656.0], 'distort': [-0.08390679225628754, 0.09327453495083804, -0.010616292149374984, 0.0008191547611111152, 0.0005511070668098991]}, 'cam12': {'K': [2263.536832402793, 0, 1145.702476996091, 0, 2263.536832402793, 1329.734991823213, 0, 0, 1], 'R': [0.9422031516121608, 0.019983957855155405, -0.3344456047260248, -0.00803053805437244, -0.9965857926724077, -0.08217218691301459, -0.3349458636118237, 0.08010867164017503, -0.9388257927738125], 'T': [-0.4110339613773294, -0.12166525425469087, 0.1249179257742031], 'imgSize': [2300.0, 2656.0], 'distort': [-0.08390679225628754, 0.09327453495083804, -0.010616292149374984, 0.0008191547611111152, 0.0005511070668098991]}, 'cam13': {'K': [2263.536832402793, 0, 1145.702476996091, 0, 2263.536832402793, 1329.734991823213, 0, 0, 1], 'R': [0.9662152056375976, -0.020369432941002876, -0.25693046256985114, -0.1435807060255942, -0.870399117899665, -0.47094581048850737, -0.21403914887675943, 0.4919252603405792, -0.8439175202512185], 'T': [-0.42154079991933885, -0.5829939048999403, 0.06541840528671579], 'imgSize': [2300.0, 2656.0], 'distort': [-0.08390679225628754, 0.09327453495083804, -0.010616292149374984, 0.0008191547611111152, 0.0005511070668098991]}, 'cam14': {}, 'cam15': {}, 'cam16': {'K': [2263.536832402793, 0, 1145.702476996091, 0, 2263.536832402793, 1329.734991823213, 0, 0, 1], 'R': [0.29800905313712456, -0.5396604079421389, 0.7873736396070414, -0.5943644657604651, -0.7503478051551439, -0.2893251685217421, 0.7469414207885327, -0.38176539313900876, -0.544365408996408], 'T': [1.0942860310271638, -0.34479147535560917, 0.5685104387642043], 'imgSize': [2300.0, 2656.0], 'distort': [-0.08390679225628754, 0.09327453495083804, -0.010616292149374984, 0.0008191547611111152, 0.0005511070668098991]}, 'cam17': {'K': [2263.536832402793, 0, 1145.702476996091, 0, 2263.536832402793, 1329.734991823213, 0, 0, 1], 'R': [0.34903676388460414, -0.521482370490648, 0.7786073944706776, -0.31376891473198115, -0.8479375894820373, -0.4272597716744546, 0.8830189157684435, -0.09517342912203344, -0.4595863496496339], 'T': [1.1505509950601203, -0.6338059439163113, 0.49674020202695834], 'imgSize': [2300.0, 2656.0], 'distort': [-0.08390679225628754, 0.09327453495083804, -0.010616292149374984, 0.0008191547611111152, 0.0005511070668098991]}, 'cam18': {'K': [2263.536832402793, 0, 1145.702476996091, 0, 2263.536832402793, 1329.734991823213, 0, 0, 1], 'R': [-0.2557558288365236, -0.47455918751261644, 0.8422484987006552, -0.6174297809792635, -0.5902063604186717, -0.5200354965588821, 0.7438880437109077, -0.6530314155296892, -0.14205825831414642], 'T': [1.1444154340580763, -0.6712390160860999, 1.1019899408579872], 'imgSize': [2300.0, 2656.0], 'distort': [-0.08390679225628754, 0.09327453495083804, -0.010616292149374984, 0.0008191547611111152, 0.0005511070668098991]}, 'cam19': {'K': [2263.536832402793, 0, 1145.702476996091, 0, 2263.536832402793, 1329.734991823213, 0, 0, 1], 'R': [-0.2532990627502839, -0.4735375920803524, 0.8435648959603339, -0.31426034789172175, -0.7844299262543597, -0.5347056428910705, 0.914920771735346, -0.400539435865335, 0.04988127668652381], 'T': [1.1562492930977386, -0.7570834595140031, 1.1834913059950587], 'imgSize': [2300.0, 2656.0], 'distort': [-0.08390679225628754, 0.09327453495083804, -0.010616292149374984, 0.0008191547611111152, 0.0005511070668098991]}}\n"
     ]
    }
   ],
   "source": [
    "import numpy as np\n",
    "from icecream import ic\n",
    "\n",
    "frame_num = '49_50_'\n",
    "cameras = elem.getElementsByTagName('camera')\n",
    "\n",
    "out = dict()\n",
    "for i in range(20):\n",
    "    out['cam'+str(i)] = dict()\n",
    "\n",
    "for camera in cameras:\n",
    "    parameters = dict()\n",
    "    \n",
    "    # 属于哪一组的摄像机\n",
    "    sensor_id = camera.getAttribute('sensor_id')\n",
    "    sensor_id = int(sensor_id)\n",
    "    sensor_id = 0\n",
    "\n",
    "    print(sensor_id)\n",
    "    parameters['K'] = intrinsics['K'][sensor_id]\n",
    "    \n",
    "    label = camera.getAttribute('label')\n",
    "    cam_num = camera_sort(label)\n",
    "    \n",
    "    transform = camera.getElementsByTagName('transform')[0].childNodes[0].nodeValue\n",
    "    transform = transform.split(' ')\n",
    "    transform = [float(i) for i in transform]\n",
    "    \n",
    "    transform = np.array(transform)\n",
    "    transform = transform.reshape(4,4)\n",
    "    # 外参数矩阵为transfrom的逆矩阵\n",
    "    # print(transform)\n",
    "    extrinsics = np.linalg.inv(transform)\n",
    "    # extrinsics = transform\n",
    "\n",
    "    # ic(transform@extrinsics)\n",
    "\n",
    "    R = extrinsics[0:3,0:3].reshape(-1).tolist()\n",
    "    T = extrinsics[0:3,-1].tolist()\n",
    "    \n",
    "    parameters['R'] = R\n",
    "    parameters['T'] = T\n",
    "    parameters['imgSize'] = [intrinsics['width'][sensor_id], intrinsics['height'][sensor_id]]\n",
    "    parameters['distort'] = intrinsics['distort'][sensor_id]\n",
    "    \n",
    "    out['cam'+str(cam_num)] = parameters\n",
    "\n",
    "print(out)\n",
    "# cameras.getElementsByTagName('camera')[0].getAttribute('label')"
   ]
  },
  {
   "cell_type": "code",
   "execution_count": 7,
   "id": "c23687b9",
   "metadata": {
    "ExecuteTime": {
     "start_time": "2023-09-25T17:22:12.916485Z",
     "end_time": "2023-09-25T17:22:12.918813Z"
    }
   },
   "outputs": [],
   "source": [
    "import json\n",
    "with open(\"camera_new.json\", \"w\", encoding='utf-8') as f:\n",
    "    json.dump(out, f, indent=4)"
   ]
  }
 ],
 "metadata": {
  "kernelspec": {
   "name": "python3",
   "language": "python",
   "display_name": "Python 3 (ipykernel)"
  },
  "language_info": {
   "codemirror_mode": {
    "name": "ipython",
    "version": 3
   },
   "file_extension": ".py",
   "mimetype": "text/x-python",
   "name": "python",
   "nbconvert_exporter": "python",
   "pygments_lexer": "ipython3",
   "version": "3.8.8"
  }
 },
 "nbformat": 4,
 "nbformat_minor": 5
}
