<?xml version="1.0" encoding="UTF-8"?>
<document version="2.0.0">
  <chunk label="Chunk 1" enabled="true">
    <sensors next_id="1">
      <sensor id="0" label="unknown" type="frame">
        <resolution width="2300" height="2656"/>
        <property name="layer_index" value="0"/>
        <bands>
          <band label="Red"/>
          <band label="Green"/>
          <band label="Blue"/>
        </bands>
        <data_type>uint8</data_type>
        <calibration type="frame" class="adjusted">
          <resolution width="2300" height="2656"/>
          <f>2263.5368324027932</f>
          <cx>-4.2975230039089611</cx>
          <cy>1.7349918232129544</cy>
          <k1>-0.083906792256287541</k1>
          <k2>0.093274534950838039</k2>
          <k3>-0.010616292149374984</k3>
          <p1>0.00081915476111111521</p1>
          <p2>0.00055110706680989909</p2>
        </calibration>
        <covariance>
          <params>f cx cy k1 k2 k3 p1 p2</params>
          <coeffs>0.09413016614784403 0.0053436711146328426 -0.015814375404993579 -0.00018536507701757949 0.00067619641008782199 -0.00067523215510581838 1.6985917412663797e-07 8.3932203775364392e-07 0.0053436711146328426 0.27543595311797836 -0.015113680491551403 -7.6360969549117753e-06 6.5795640519686785e-05 -0.00010183569212539545 3.5811262630571695e-05 -4.0169481087300137e-06 -0.015814375404993579 -0.015113680491551403 0.59393625947358397 -0.00012218164172318901 0.00023665930469689127 -9.5719624284373446e-05 -1.9398996184191876e-06 8.7448601517829328e-05 -0.00018536507701757949 -7.6360969549117753e-06 -0.00012218164172318901 1.0754640700337807e-06 -3.522016330452372e-06 3.6898131052461213e-06 -5.6801741440650968e-11 -2.0988472373814768e-08 0.00067619641008782199 6.5795640519686785e-05 0.00023665930469689127 -3.522016330452372e-06 1.2755209657735663e-05 -1.3932670225489968e-05 3.2188302966019832e-09 2.7969320146809798e-08 -0.00067523215510581838 -0.00010183569212539545 -9.5719624284373446e-05 3.6898131052461213e-06 -1.3932670225489968e-05 1.5751210121464979e-05 -7.1466576876648266e-09 2.9168689540053212e-09 1.6985917412663797e-07 3.5811262630571695e-05 -1.9398996184191876e-06 -5.6801741440650968e-11 3.2188302966019832e-09 -7.1466576876648266e-09 5.0199243972905156e-09 -5.1667324703749714e-10 8.3932203775364392e-07 -4.0169481087300137e-06 8.7448601517829328e-05 -2.0988472373814768e-08 2.7969320146809798e-08 2.9168689540053212e-09 -5.1667324703749714e-10 1.5903777292219637e-08</coeffs>
        </covariance>
      </sensor>
    </sensors>
    <components next_id="1" active_id="0">
      <component id="0" label="Component 1">
        <region>
          <center>0.015736307678757638 -0.039202649045455784 -1.3086809735847469</center>
          <size>2.0295204003651937 2.1376275857289633 1.556897004445394</size>
          <R>0.92742777511031393 -0.3238459375178368 0.1870869602808452 0.32993752112895547 0.47287397572498607 -0.81702596974228758 0.17612198643330504 0.81945958523604978 0.54540538506651015</R>
        </region>
        <partition>
          <camera_ids>0 1 2 3 4 5 6 7 8 9 10 11 12 13 14 15 16</camera_ids>
        </partition>
      </component>
    </components>
    <cameras next_id="17" next_group_id="0">
      <camera id="0" sensor_id="0" component_id="0" label="camera_0_21334181_1">
        <transform>-0.66810060713584574 -0.4809397742881043 0.56774863474289594 -0.69869055761788101 -0.32203385738774959 -0.50096580918040456 -0.803322757506713 1.0661105317160737 0.67077251989082087 -0.71953470488915949 0.17981667058253598 -1.5588494871729692 0 0 0 1</transform>
      </camera>
      <camera id="1" sensor_id="0" component_id="0" label="camera_1_21293324_1">
        <transform>0.27214938939862166 0.31355790229772368 -0.90973411047217989 1.267696370338903 0.49117384768402461 -0.85824497193158455 -0.14887518095849117 0.17915069410944021 -0.82745571555294006 -0.40632131381556108 -0.38758228640892189 -0.80312718581675246 0 0 0 1</transform>
        <rotation_covariance>4.2563685112491571e-07 5.7318323893356734e-08 -8.6906507537668679e-08 5.731832389335676e-08 4.0800468104956466e-08 -4.5730638838014758e-08 -8.6906507537668626e-08 -4.5730638838014758e-08 8.2583112194616303e-08</rotation_covariance>
        <location_covariance>3.8801406747751967e-07 -2.5434484854149093e-08 1.0435017524563297e-07 -2.5434484854149093e-08 6.0042032519189207e-07 6.5136632469713927e-08 1.0435017524563297e-07 6.5136632469713927e-08 3.7578736347529038e-07</location_covariance>
      </camera>
      <camera id="2" sensor_id="0" component_id="0" label="camera_2_21293325_1">
        <transform>-0.629604198072651 -0.11295790697631547 -0.76866056554296036 0.91051141336437991 0.5009199002502478 -0.81528826706672342 -0.29048975045020153 0.40113479059729029 -0.59386682623512121 -0.56793094019860224 0.56989177907963862 -2.0097279940639217 0 0 0 1</transform>
        <rotation_covariance>1.7944011281597146e-07 1.0436455083579333e-08 -1.2195867617429882e-07 1.0436455083579333e-08 1.7778913719862033e-08 -1.2215357731927849e-08 -1.2195867617429882e-07 -1.2215357731927872e-08 1.259454907178688e-07</rotation_covariance>
        <location_covariance>2.6635105564969181e-07 -3.8489810928225755e-08 3.2944802259545121e-08 -3.8489810928225755e-08 2.4373154825421489e-07 -3.0306245522039572e-10 3.2944802259545121e-08 -3.0306245522039572e-10 2.1660074604058738e-07</location_covariance>
      </camera>
      <camera id="3" sensor_id="0" component_id="0" label="camera_3_21293326_1">
        <transform>-0.61640045904670027 0.17845055441653868 -0.7669458088518688 0.99743424982882489 0.51282686392490895 -0.64813208774571995 -0.56296838674237892 0.83744225743839862 -0.59754420901215377 -0.7403243859706391 0.30799467822226334 -1.7301541517520078 0 0 0 1</transform>
        <rotation_covariance>1.7849917765888496e-07 4.8769726893359831e-08 -9.8079004708672407e-08 4.8769726893359837e-08 4.2588334005798587e-08 -5.1898824791650231e-08 -9.807900470867242e-08 -5.1898824791650258e-08 1.1334797160403832e-07</rotation_covariance>
        <location_covariance>2.9779686200605621e-07 -4.038853220921209e-08 3.136720655325764e-08 -4.038853220921209e-08 2.5161797703494365e-07 3.6314217744170077e-09 3.136720655325764e-08 3.6314217744170077e-09 1.6204538591498427e-07</location_covariance>
      </camera>
      <camera id="4" sensor_id="0" component_id="0" label="camera_4_21334180_1">
        <transform>-0.95303714386919314 -0.28177011660822093 0.11102163659503873 -0.094646689000094764 0.031101160628140063 -0.45570486679329231 -0.88958742807466051 1.1798448181873842 0.3012522534575201 -0.84435695992127469 0.44306704235281236 -1.9269681613964824 0 0 0 1</transform>
        <rotation_covariance>2.330997499376246e-08 6.4633941272505484e-09 -7.3430733164311895e-09 6.4633941272505492e-09 2.1043490628190285e-08 -1.9273779159608271e-08 -7.3430733164311903e-09 -1.9273779159608268e-08 3.3977770202937753e-08</rotation_covariance>
        <location_covariance>7.4923135289018973e-08 -5.0170208485490582e-10 -1.0863676688455326e-08 -5.0170208485490582e-10 3.108730472225977e-08 -1.2837494915332614e-09 -1.0863676688455326e-08 -1.2837494915332614e-09 3.9979437749611711e-08</location_covariance>
      </camera>
      <camera id="5" sensor_id="0" component_id="0" label="camera_5_21334183_1">
        <transform>0.70729351609699831 -0.099806985476610682 -0.69983887269657741 0.850509577770999 0.26767731378808163 -0.87845557460508228 0.39580886691489348 -0.47260873329940017 -0.65428184887733321 -0.46728403471050323 -0.59460986632777257 -0.6211128561882987 0 0 0 1</transform>
        <rotation_covariance>4.8782638314096471e-07 -4.0936133485165857e-09 1.0242843038900578e-08 -4.0936133485166089e-09 1.404794333772621e-08 -1.005267420681836e-08 1.0242843038900579e-08 -1.0052674206818357e-08 5.0647481051028846e-08</rotation_covariance>
        <location_covariance>3.6721713026078291e-07 1.4879544297633762e-08 9.317604738862291e-08 1.4879544297633762e-08 5.6623712847821149e-07 1.0953400744778457e-07 9.317604738862291e-08 1.0953400744778457e-07 4.9384110703902193e-07</location_covariance>
      </camera>
      <camera id="6" sensor_id="0" component_id="0" label="camera_6_21334186_1">
        <transform>-0.90129713745476359 -0.17860102954967422 -0.39467092907844686 0.40627768437755407 0.38359361579437912 -0.7523738171648171 -0.5355273822753015 0.63295026031899915 -0.20129433160832508 -0.63406254540750095 0.74662258241612178 -2.2331858411815908 0 0 0 1</transform>
        <rotation_covariance>7.7984286434875752e-08 1.1792402419982149e-08 -6.8648802201616372e-08 1.1792402419982154e-08 2.9611057365123175e-08 -1.283961474004599e-08 -6.8648802201616359e-08 -1.2839614740046e-08 1.0861284359850453e-07</rotation_covariance>
        <location_covariance>1.7190318710288432e-07 -4.2781553758536856e-08 1.1364473886981127e-08 -4.2781553758536856e-08 1.2801915757462465e-07 -1.5403737901988537e-08 1.1364473886981127e-08 -1.5403737901988537e-08 1.1256353063913763e-07</location_covariance>
      </camera>
      <camera id="7" sensor_id="0" component_id="0" label="camera_7_21334190_1">
        <transform>-0.25575582883652392 -0.61742978097926371 0.74388804371090778 -0.94150918210989065 -0.47455918751261666 -0.59020636041867225 -0.65303141552968946 0.86655737288628165 0.84224849870065566 -0.52003549655888237 -0.14205825831414676 -1.1564035245873092 0 0 0 1</transform>
        <rotation_covariance>1.2811142584122505e-08 -2.5404979397864079e-09 2.6381013733501848e-09 -2.5404979397864062e-09 1.343279790353246e-08 -1.171141641203342e-08 2.6381013733501844e-09 -1.1711416412033417e-08 1.7006829739997546e-08</rotation_covariance>
        <location_covariance>1.9788385005534872e-08 -5.5494475143233162e-12 -4.4366351083083524e-09 -5.5494475143233162e-12 1.7169326955881721e-08 -5.5752117404049431e-09 -4.4366351083083524e-09 -5.5752117404049431e-09 3.5120031501968804e-08</location_covariance>
      </camera>
      <camera id="8" sensor_id="0" component_id="0" label="camera_8_21334191_1">
        <transform>0.966215205637597 -0.14358070602559406 -0.21403914887675937 0.33759455399299315 -0.020369432941002873 -0.87039911789966518 0.49192526034057976 -0.54820489367337633 -0.25693046256985097 -0.47094581048850681 -0.84391752025121824 -0.32765747139994822 0 0 0 1</transform>
        <rotation_covariance>4.061492667563847e-07 -1.5631042028208986e-08 1.2214470624599015e-07 -1.5631042028208983e-08 1.513862507808185e-08 -1.4133978027940373e-08 1.2214470624599018e-07 -1.413397802794038e-08 9.1903464328301171e-08</rotation_covariance>
        <location_covariance>3.298382998604928e-07 -1.3722981548385563e-08 5.0887320366993244e-08 -1.3722981548385563e-08 4.8213261990604432e-07 8.0557384113573024e-08 5.0887320366993244e-08 8.0557384113573024e-08 4.7150998936530909e-07</location_covariance>
      </camera>
      <camera id="9" sensor_id="0" component_id="0" label="camera_9_21334206_1">
        <transform>0.29255332037102255 -0.11501968111510559 -0.94930660363028685 1.1690946693114481 0.46066220197194535 -0.85300080644866516 0.24531604079693983 -0.25267189222586867 -0.83797547124856175 -0.5090776926502546 -0.19656299863312154 -1.0831464480718396 0 0 0 1</transform>
        <rotation_covariance>4.3860243648276523e-07 6.4571979279146571e-09 -9.3392309466844117e-08 6.4571979279146207e-09 1.4155688577188568e-08 -1.1477992263748703e-08 -9.3392309466844117e-08 -1.1477992263748705e-08 7.3207906450829957e-08</rotation_covariance>
        <location_covariance>3.8137115754958451e-07 6.4715488114931602e-09 9.1929647190453882e-08 6.4715488114931602e-09 5.4875221196426476e-07 7.4505160817347687e-08 9.1929647190453882e-08 7.4505160817347687e-08 4.2389436652360906e-07</location_covariance>
      </camera>
      <camera id="10" sensor_id="0" component_id="0" label="camera_10_21334207_1">
        <transform>0.9422031516121594 -0.0080305380543721425 -0.3349458636118231 0.42814119890420127 0.019983957855155356 -0.99658579267240632 0.080108671640175683 -0.12304278758871634 -0.33444560472602447 -0.082172186913013798 -0.93882579277381129 -0.030189831092583767 0 0 0 1</transform>
        <rotation_covariance>4.3451480912383449e-07 -6.3799052778794363e-08 8.6218849482197269e-08 -6.3799052778794363e-08 4.0828326719857215e-08 -4.435255832446121e-08 8.621884948219723e-08 -4.4352558324461196e-08 8.098200190602872e-08</rotation_covariance>
        <location_covariance>3.1795791069152147e-07 -7.7154582535583311e-08 5.3054323294348522e-08 -7.7154582535583311e-08 5.4621284189850868e-07 8.8027816063559758e-08 5.3054323294348522e-08 8.8027816063559758e-08 4.662341736335815e-07</location_covariance>
      </camera>
      <camera id="11" sensor_id="0" component_id="0" label="camera_11_21334209_1">
        <transform>-0.95735862613151912 -0.24189641059095868 0.15795754972390919 -0.18329116117624775 0.052026080845650136 -0.6821647667201185 -0.72934526663133248 0.72510602134976854 0.28417907713871682 -0.69002707018558151 0.66566124607617816 -2.2040462129268636 0 0 0 1</transform>
        <rotation_covariance>3.517348363039394e-08 3.6050797967584463e-09 -1.8837454250076086e-08 3.6050797967584484e-09 1.3271511488969113e-08 -1.159505395057453e-08 -1.8837454250076083e-08 -1.1595053950574529e-08 4.7342829177619405e-08</rotation_covariance>
        <location_covariance>7.4973004624123846e-08 -1.7847317184939231e-08 1.0988379053875783e-08 -1.7847317184939231e-08 4.4659430272694602e-08 -4.2079116012204921e-09 1.0988379053875783e-08 -4.2079116012204921e-09 6.4076530304141223e-08</location_covariance>
      </camera>
      <camera id="12" sensor_id="0" component_id="0" label="camera_12_21334211_1">
        <transform>-0.25329906275028413 -0.31426034789172214 0.91492077173534647 -1.0278452281456756 -0.47353759208035284 -0.78442992625436025 -0.40053943586533514 0.4276835238379374 0.84356489596033435 -0.53470564289107081 0.049881276686523923 -1.4392221698682701 0 0 0 1</transform>
        <rotation_covariance>2.0119918733187154e-08 -1.8145814125329433e-09 9.8295597376535854e-09 -1.8145814125329425e-09 7.4315224373773504e-09 -6.8557597730745802e-09 9.8295597376535854e-09 -6.8557597730745819e-09 2.9949480305512337e-08</rotation_covariance>
        <location_covariance>4.2228296532988627e-08 -9.9677966827100326e-09 9.9062572416900671e-09 -9.9677966827100326e-09 2.3813980463016824e-08 -1.7307310215333285e-08 9.9062572416900671e-09 -1.7307310215333285e-08 3.5562655626017565e-08</location_covariance>
      </camera>
      <camera id="13" sensor_id="0" component_id="0" label="camera_13_21334219_1">
        <transform>0.34903676388460447 -0.31376891473198104 0.88301891576844371 -1.0390841937857382 -0.52148237049064816 -0.84793758948203712 -0.095173429122033526 0.10984064440021866 0.77860739447067773 -0.42725977167445445 -0.45958634964963385 -0.93833227917920958 0 0 0 1</transform>
        <rotation_covariance>7.0486375200902104e-08 -9.7692110623867599e-09 4.9798620365336202e-08 -9.7692110623867633e-09 1.4339551760183277e-08 -1.9252375920552525e-08 4.9798620365336208e-08 -1.9252375920552525e-08 8.0134404783112391e-08</rotation_covariance>
        <location_covariance>9.2585940908327282e-08 -7.1265979804559819e-09 7.6828199508166834e-09 -7.1265979804559819e-09 7.9534741558717852e-08 -2.8856697589977762e-08 7.6828199508166834e-09 -2.8856697589977762e-08 1.0756737868029601e-07</location_covariance>
      </camera>
      <camera id="14" sensor_id="0" component_id="0" label="camera_14_21334220_1">
        <transform>0.69377947585355715 0.24940297667749195 -0.67562429952509073 0.95387878246839231 0.31367734475171649 -0.94910923795803848 -0.028252040850627269 -0.047148920162614801 -0.6482874071535526 -0.19232735023162795 -0.73670457313566662 -0.33741629850298238 0 0 0 1</transform>
        <rotation_covariance>5.0480060599773598e-07 8.8480673460003253e-09 1.6428903265120452e-09 8.8480673460003154e-09 3.2755974101925953e-08 -3.3306982776702792e-08 1.6428903265120618e-09 -3.3306982776702798e-08 6.1088400081694401e-08</rotation_covariance>
        <location_covariance>3.5186102521497854e-07 -3.633922157292615e-08 1.0512184350634881e-07 -3.633922157292615e-08 6.5546985930954655e-07 1.2566105416495743e-07 1.0512184350634881e-07 1.2566105416495743e-07 4.6264436309944094e-07</location_covariance>
      </camera>
      <camera id="15" sensor_id="0" component_id="0" label="camera_15_21334221_1">
        <transform>0.29800905313712411 -0.5943644657604652 0.74694142078853221 -0.95568293987973263 -0.53966040794213876 -0.75034780515514454 -0.38176539313900881 0.54886693029866451 0.7873736396070411 -0.28932516852174228 -0.54436540899640806 -0.65189140921651978 0 0 0 1</transform>
        <rotation_covariance>4.8400662944128416e-08 -1.7958567449491606e-08 2.6278553169158683e-08 -1.7958567449491606e-08 3.3039097935100171e-08 -3.7513045251833282e-08 2.6278553169158683e-08 -3.7513045251833276e-08 6.2425398150098863e-08</rotation_covariance>
        <location_covariance>6.0344865576037357e-08 -1.7443444880393226e-08 -9.3140339393610627e-09 -1.7443444880393226e-08 7.4099469322039426e-08 -2.6123364604752433e-08 -9.3140339393610627e-09 -2.6123364604752433e-08 1.2551623351522261e-07</location_covariance>
      </camera>
      <camera id="16" sensor_id="0" component_id="0" label="camera_16_21334237_1">
        <transform>-0.66167558944076632 -0.25165490452348521 0.70629683799907339 -0.78684538599191123 -0.32070349314184787 -0.75648651039447068 -0.56998020060157539 0.62847049720461001 0.67774234324323479 -0.60365384834395808 0.41984205072229019 -1.8390792641034699 0 0 0 1</transform>
        <rotation_covariance>1.5317737168730807e-08 -8.0330134922216229e-11 1.4609698289173786e-09 -8.0330134922215195e-11 2.3248345967772906e-09 -5.5809992712108769e-10 1.4609698289173794e-09 -5.5809992712108625e-10 1.091243783952569e-08</rotation_covariance>
        <location_covariance>2.7596436138302058e-08 -1.4167867114770047e-08 1.3444919390166394e-08 -1.4167867114770047e-08 1.105720474201906e-08 -1.2811306529567336e-08 1.3444919390166396e-08 -1.2811306529567334e-08 1.5778145059475852e-08</location_covariance>
      </camera>
    </cameras>
    <reference>LOCAL_CS["Local Coordinates (m)",LOCAL_DATUM["Local Datum",0],UNIT["metre",1,AUTHORITY["EPSG","9001"]]]</reference>
    <region>
      <center>0.015736307678757638 -0.039202649045455784 -1.3086809735847469</center>
      <size>2.0295204003651937 2.1376275857289633 1.556897004445394</size>
      <R>0.92742777511031393 -0.3238459375178368 0.1870869602808452 0.32993752112895547 0.47287397572498607 -0.81702596974228758 0.17612198643330504 0.81945958523604978 0.54540538506651015</R>
    </region>
    <settings>
      <property name="accuracy_tiepoints" value="1"/>
      <property name="accuracy_cameras" value="10"/>
      <property name="accuracy_cameras_ypr" value="10"/>
      <property name="accuracy_markers" value="0.0050000000000000001"/>
      <property name="accuracy_scalebars" value="0.001"/>
      <property name="accuracy_projections" value="0.5"/>
    </settings>
    <meta>
      <property name="AlignCameras/adaptive_fitting" value="false"/>
      <property name="AlignCameras/cameras" value=""/>
      <property name="AlignCameras/duration" value="3.375"/>
      <property name="AlignCameras/min_image" value="2"/>
      <property name="AlignCameras/point_clouds" value=""/>
      <property name="AlignCameras/ram_used" value="31416320"/>
      <property name="AlignCameras/reset_alignment" value="false"/>
      <property name="AlignCameras/subdivide_task" value="true"/>
      <property name="OptimizeCameras/sigma0" value="0.264417286775149"/>
    </meta>
  </chunk>
</document>
