<?xml version="1.0" encoding="UTF-8"?>
<document version="2.0.0">
  <chunk label="Chunk 1" enabled="true">
    <sensors next_id="1">
      <sensor id="0" label="unknown" type="frame">
        <resolution width="2300" height="2656"/>
        <property name="layer_index" value="0"/>
        <bands>
          <band label="Red"/>
          <band label="Green"/>
          <band label="Blue"/>
        </bands>
        <data_type>uint8</data_type>
        <calibration type="frame" class="adjusted">
          <resolution width="2300" height="2656"/>
          <f>2262.2752960117632</f>
          <p1>0.0013526614350707563</p1>
          <p2>-0.0039356510713733301</p2>
        </calibration>
        <covariance>
          <params>f p1 p2</params>
          <coeffs>0.16432526908234879 1.0656307314408462e-07 2.1289808994158483e-05 1.0656307314408462e-07 1.4990837236451558e-09 -9.0733852530148721e-11 2.1289808994158483e-05 -9.0733852530148721e-11 1.1213678254925733e-08</coeffs>
        </covariance>
      </sensor>
    </sensors>
    <components next_id="1" active_id="0">
      <component id="0" label="Component 1">
        <region>
          <center>0.35860987230793423 0.0020167681118078429 -1.4469598239945975</center>
          <size>2.8201938470204668 2.5211155613263445 1.4850642641385399</size>
          <R>-0.89495280446531056 0.28991696453494298 -0.33912775093542613 -0.44185160971386572 -0.47053943110783603 0.76377994132209293 0.061859783162742765 0.83339114313001839 0.54921086094459182</R>
        </region>
        <partition>
          <camera_ids>0 1 2 3 4 5 6 7 8 9 10 11 12 13 14 15 16 17 18 19</camera_ids>
        </partition>
      </component>
    </components>
    <cameras next_id="20" next_group_id="0">
      <camera id="0" sensor_id="0" component_id="0" label="camera_21293324_1">
        <transform>0.2544161983241684 0.29635385322615371 -0.92056873274530027 1.212501090368028 0.51463953288608888 -0.84740627399785629 -0.1305708925444628 0.082840623044276349 -0.81879090689935374 -0.4405417125166245 -0.36810929125988362 -0.83228028231049311 0 0 0 1</transform>
      </camera>
      <camera id="1" sensor_id="0" component_id="0" label="camera_21293325_1">
        <transform>-0.64321646584997438 -0.13227453541716561 -0.75417241088470077 0.89076112226181969 0.52048799643620103 -0.79793426912565191 -0.30396241169055804 0.3002846455072668 -0.56157352468336486 -0.58805131530767285 0.5820917684863941 -1.818549341117961 0 0 0 1</transform>
        <rotation_covariance>1.8569732519415135e-07 -7.1276063353670348e-09 -7.9179757467107493e-09 -7.1276063353670216e-09 7.9658437228225174e-08 -5.9633701099486684e-08 -7.9179757467107426e-09 -5.9633701099486684e-08 1.437771511111165e-07</rotation_covariance>
        <location_covariance>8.2689916245537362e-08 -3.83672059412448e-08 6.1412265998275024e-08 -3.83672059412448e-08 1.2222875833307403e-07 5.0348815152517342e-08 6.1412265998275024e-08 5.0348815152517342e-08 2.1865321877303648e-07</location_covariance>
      </camera>
      <camera id="2" sensor_id="0" component_id="0" label="camera_21293326_1">
        <transform>-0.68978284362921061 0.13204272710558204 -0.7118738279030361 0.9774818280046268 0.51060969272213685 -0.60835301714056467 -0.60760542149834129 0.65242678379136787 -0.51330046788699246 -0.782605471968151 0.35220917778005389 -1.5798246521889083 0 0 0 1</transform>
        <rotation_covariance>1.0016076761338074e-07 -2.146768665090582e-08 5.011761522293954e-10 -2.1467686650905813e-08 1.1599651762093633e-07 -6.2065837403462782e-08 5.0117615222939871e-10 -6.2065837403462769e-08 7.9117529068225493e-08</rotation_covariance>
        <location_covariance>1.0732663857675142e-07 -8.0833551412713409e-08 7.281217561239552e-08 -8.0833551412713409e-08 1.1060564105431523e-07 -2.9016465578581709e-08 7.281217561239552e-08 -2.9016465578581709e-08 2.6700261277028858e-07</location_covariance>
      </camera>
      <camera id="3" sensor_id="0" component_id="0" label="camera_21334180_1">
        <transform>-0.94401846853881688 -0.30277132734033213 0.13099104701543302 0.069462448928290663 0.033243286343431697 -0.48235858960849315 -0.8753428328055205 0.94735635488726955 0.32821336805607793 -0.82198522758713721 0.46542053098010933 -1.7084410827404113 0 0 0 1</transform>
        <rotation_covariance>1.3105330885986418e-07 -2.179039428358655e-08 -4.3996344763488588e-09 -2.179039428358655e-08 6.5869763196848889e-08 -2.7315523200331784e-08 -4.3996344763488555e-09 -2.731552320033178e-08 7.8293888284552622e-08</rotation_covariance>
        <location_covariance>1.8313198439635226e-07 3.6089570744786841e-09 7.814294904504823e-08 3.6089570744786841e-09 3.7718015559168822e-08 1.3260622607723282e-08 7.814294904504823e-08 1.3260622607723282e-08 2.153587430193625e-07</location_covariance>
      </camera>
      <camera id="4" sensor_id="0" component_id="0" label="camera_21334181_1">
        <transform>-0.64709435794105397 -0.48947488816431944 0.58453676169885282 -0.42697724186688124 -0.33852362554657162 -0.50251022771620402 -0.79554083866726366 0.84667465485635485 0.68313296426659087 -0.71266949204882901 0.15947271940744104 -1.3924117979514166 0 0 0 1</transform>
        <rotation_covariance>1.3714478849312588e-07 -9.0106201390940183e-09 -2.0549760699245727e-08 -9.0106201390940051e-09 6.7383308683869382e-08 -1.8496247456770076e-08 -2.0549760699245721e-08 -1.8496247456770072e-08 8.951449107716016e-08</rotation_covariance>
        <location_covariance>1.5882119126271846e-07 3.6699962719731789e-08 5.54686398500758e-08 3.6699962719731789e-08 8.2281242456555482e-08 3.0609441392426159e-10 5.54686398500758e-08 3.0609441392426159e-10 1.9030285775762665e-07</location_covariance>
      </camera>
      <camera id="5" sensor_id="0" component_id="0" label="camera_21334183_1">
        <transform>0.69160531720409824 -0.11639231124950192 -0.71283582618792229 0.87003432984001106 0.28047375388835338 -0.86620271054599574 0.41355451590152648 -0.4562224975604014 -0.66559489075171974 -0.48594824222829502 -0.56642541193032359 -0.68694760496208762 0 0 0 1</transform>
        <rotation_covariance>7.3964414962630451e-08 6.3305864655347103e-09 3.7683873211734551e-09 6.3305864655347119e-09 5.009474032805227e-08 -3.7490032270650443e-08 3.7683873211734633e-09 -3.749003227065045e-08 6.5758294846395337e-08</rotation_covariance>
        <location_covariance>4.9174340110606108e-08 2.021424188469178e-08 -2.1096926973075169e-08 2.021424188469178e-08 8.11323049416205e-08 1.1926257989306312e-08 -2.1096926973075169e-08 1.1926257989306312e-08 5.0384615962270771e-08</location_covariance>
      </camera>
      <camera id="6" sensor_id="0" component_id="0" label="camera_21334184_1">
        <transform>0.67850595643107747 -0.48547235552149404 0.55131321325718463 -0.37378885392964106 -0.52803509098972601 -0.84406973504968819 -0.093408913154050532 0.12026745462465015 0.51069424293898347 -0.22773421876731909 -0.82905278229520318 -0.30245734056115658 0 0 0 1</transform>
        <rotation_covariance>1.0597618989840082e-07 1.5155616807364942e-08 1.1391187879874455e-08 1.5155616807364935e-08 7.7469891215446132e-08 -3.5567975544872082e-08 1.1391187879874455e-08 -3.5567975544872075e-08 1.0847195738934473e-07</rotation_covariance>
        <location_covariance>7.9214087898409686e-08 4.3206347386986164e-09 3.8412051696373963e-08 4.3206347386986164e-09 1.6247021695048877e-07 -2.0038402793255933e-08 3.8412051696373963e-08 -2.0038402793255933e-08 7.6410072250349128e-08</location_covariance>
      </camera>
      <camera id="7" sensor_id="0" component_id="0" label="camera_21334186_1">
        <transform>-0.92108105342967317 -0.20767608745401778 -0.329363531242721 0.47324635687613509 0.36958274152951703 -0.73253501006537236 -0.57166516090457309 0.49847254347817149 -0.12254913372361975 -0.64827702545155497 0.75147761649650924 -1.9870453100625443 0 0 0 1</transform>
        <rotation_covariance>1.7343426421447737e-07 -1.7368658865254285e-08 1.5728915745976878e-08 -1.7368658865254285e-08 5.8097732906362472e-08 -3.5290103833182374e-08 1.5728915745976882e-08 -3.5290103833182367e-08 1.1339306399809213e-07</rotation_covariance>
        <location_covariance>1.1274184202294926e-07 -2.1136156000142393e-09 8.7591728866959795e-08 -2.1136156000142393e-09 7.0376735439190541e-08 5.5350035499058965e-08 8.7591728866959795e-08 5.5350035499058965e-08 1.8815534632017723e-07</location_covariance>
      </camera>
      <camera id="8" sensor_id="0" component_id="0" label="camera_21334190_1">
        <transform>-0.23521582569767988 -0.63508187774358404 0.73576118673319735 -0.62053728387721785 -0.49437398089715939 -0.57358389979314617 -0.65314307537474603 0.67171375536015732 0.83682010154707331 -0.51737077464790171 -0.17905194549899844 -1.0582714770613058 0 0 0 1</transform>
        <rotation_covariance>1.0701809409449858e-07 7.2906708647757758e-09 -2.2154744183089709e-08 7.2906708647757791e-09 5.3079691111390186e-08 -2.2007201480198622e-08 -2.2154744183089705e-08 -2.2007201480198616e-08 1.0232309238891707e-07</rotation_covariance>
        <location_covariance>1.1456430431956042e-07 1.4794038266479628e-08 4.4728890577182896e-08 1.4794038266479628e-08 8.0782513979337425e-08 -1.117452578418169e-08 4.4728890577182896e-08 -1.117452578418169e-08 1.3742153666072676e-07</location_covariance>
      </camera>
      <camera id="9" sensor_id="0" component_id="0" label="camera_21334191_1">
        <transform>0.95626869973803719 -0.1613379051341336 -0.2439677320226048 0.45288827053078973 -0.013725854700915946 -0.85794179099866408 0.51356351522546373 -0.52281734797593615 -0.29216737465715353 -0.48775604929609584 -0.82263738157283617 -0.43322546599240397 0 0 0 1</transform>
        <rotation_covariance>8.2800897892650818e-08 2.9055201629288046e-08 -1.4851107665376527e-08 2.9055201629288036e-08 6.4526178099183801e-08 -4.5055421768685464e-08 -1.485110766537652e-08 -4.5055421768685477e-08 8.3683325722618508e-08</rotation_covariance>
        <location_covariance>9.5133458454382648e-08 3.7752117955689944e-08 -9.5739919584262161e-09 3.7752117955689944e-08 8.2498522115804217e-08 1.6166390285251397e-08 -9.5739919584262161e-09 1.6166390285251397e-08 3.0152685021230392e-08</location_covariance>
      </camera>
      <camera id="10" sensor_id="0" component_id="0" label="camera_21334206_1">
        <transform>0.27345439834968949 -0.1296968089002441 -0.95310095466550815 1.124388419907564 0.48384511293668353 -0.83783647278279072 0.25283186421450277 -0.263249960550137 -0.83133422803978041 -0.5302912243626009 -0.16635690143037751 -1.0701066655172637 0 0 0 1</transform>
        <rotation_covariance>8.5761201629392077e-08 -5.2430781249368976e-09 7.4747391471342935e-09 -5.2430781249368943e-09 1.2692863110243993e-08 -1.0422655351285899e-08 7.4747391471342935e-09 -1.0422655351285897e-08 2.9157433427698778e-08</rotation_covariance>
        <location_covariance>1.8897072188754407e-08 -3.5823756335622698e-09 -7.4490387592932858e-09 -3.5823756335622698e-09 7.2129389011058973e-08 3.566809043954924e-08 -7.4490387592932858e-09 3.566809043954924e-08 4.5669282671868096e-08</location_covariance>
      </camera>
      <camera id="11" sensor_id="0" component_id="0" label="camera_21334207_1">
        <transform>0.95220287089345867 -0.069854133542409019 -0.29737197697378026 0.54144167387733999 -0.016995129459769883 -0.98410859033683862 0.17675250493242317 -0.17277925138319977 -0.3049932101488505 -0.16325036738788656 -0.93825820503250534 -0.18413723189992467 0 0 0 1</transform>
        <rotation_covariance>7.2793176525755374e-08 2.5299561983265829e-08 -2.9336252357022647e-10 2.5299561983265833e-08 9.4216233824045928e-08 -4.0495096017973375e-08 -2.9336252357022481e-10 -4.0495096017973361e-08 4.4712942472213535e-08</rotation_covariance>
        <location_covariance>1.5359644095754216e-07 4.1108919498365412e-08 -4.1707465196048413e-08 4.1108919498365412e-08 1.3207114928233853e-07 2.3596002405234641e-10 -4.1707465196048413e-08 2.3596002405234641e-10 3.758313399272571e-08</location_covariance>
      </camera>
      <camera id="12" sensor_id="0" component_id="0" label="camera_21334208_1">
        <transform>-0.93543502712894888 -0.024280556975358553 -0.35266381239536132 0.55446715672952396 0.31873493983907358 -0.48936134598620012 -0.81174719659531747 0.85622960319345143 -0.15287036385789857 -0.87174303989624202 0.4655048058252601 -1.7490353835175507 0 0 0 1</transform>
        <rotation_covariance>1.0977019944084201e-07 -3.5231195327662419e-08 6.0069891576255674e-09 -3.5231195327662413e-08 8.4369220101517597e-08 -4.0808246650068554e-08 6.0069891576255625e-09 -4.0808246650068554e-08 7.1298395501486675e-08</rotation_covariance>
        <location_covariance>1.5311797867294444e-07 -3.9276976454737334e-08 1.0217134870328718e-07 -3.9276976454737334e-08 5.0736510362158435e-08 7.8662067392146779e-09 1.0217134870328718e-07 7.8662067392146779e-09 2.4125931514378488e-07</location_covariance>
      </camera>
      <camera id="13" sensor_id="0" component_id="0" label="camera_21334209_1">
        <transform>-0.95565121475616222 -0.26172442188311867 0.13502252673172221 -0.018331091999904067 0.075438302509333893 -0.66073390113157915 -0.74681977371381569 0.57340246348569601 0.28467493435422364 -0.70351335373636792 0.65117520135907081 -1.9481914586051845 0 0 0 1</transform>
        <rotation_covariance>1.5573164272365376e-07 -1.6897292743739456e-08 -5.5987327118863689e-09 -1.6897292743739472e-08 5.9150441679751016e-08 -2.3346196719272906e-08 -5.5987327118863722e-09 -2.3346196719272902e-08 9.6754719630532869e-08</rotation_covariance>
        <location_covariance>1.3570157533826504e-07 2.1020701231870532e-08 7.2525021032354613e-08 2.1020701231870532e-08 6.3937174310691124e-08 4.9308978997303813e-08 7.2525021032354613e-08 4.9308978997303813e-08 1.4566018220983142e-07</location_covariance>
      </camera>
      <camera id="14" sensor_id="0" component_id="0" label="camera_21334211_1">
        <transform>-0.19970321620959375 -0.32199986509808121 0.92543757883088018 -0.70271055365239632 -0.50468601796173662 -0.77574759857382181 -0.37882408395041967 0.3173098271111649 0.83988728333596652 -0.54270779447485962 -0.0075895392985060317 -1.3015908219987975 0 0 0 1</transform>
        <rotation_covariance>1.1073066453650945e-07 7.4723098010891108e-10 -2.0103611409140234e-08 7.4723098010890777e-10 4.7215028155365257e-08 4.4473168733709271e-09 -2.0103611409140238e-08 4.447316873370932e-09 1.1512719592655039e-07</rotation_covariance>
        <location_covariance>8.7133466882505377e-08 6.0954397887018582e-09 1.6866793871685588e-08 6.0954397887018582e-09 7.1399116841745278e-08 1.3450891349199939e-08 1.6866793871685588e-08 1.3450891349199939e-08 7.6145725589517972e-08</location_covariance>
      </camera>
      <camera id="15" sensor_id="0" component_id="0" label="camera_21334219_1">
        <transform>0.32154012334148219 -0.27086446908582951 0.90732815919511489 -0.69603562362123717 -0.54592518507879784 -0.83595420367160245 -0.056091547139091535 0.041645218181954213 0.77367799592480635 -0.47729761025027984 -0.41666455317334938 -0.88802183405417046 0 0 0 1</transform>
        <rotation_covariance>1.094365849169034e-07 1.127264475888832e-08 -1.0574684157610281e-08 1.127264475888832e-08 5.1534555985364874e-08 -4.2371263680943839e-09 -1.0574684157610272e-08 -4.2371263680943839e-09 1.3423593819375296e-07</rotation_covariance>
        <location_covariance>5.2196182353085504e-08 -1.1250846742626291e-08 3.6190752400793996e-09 -1.1250846742626291e-08 8.2006346419397125e-08 7.6312140059726454e-09 3.6190752400793996e-09 7.6312140059726454e-09 7.1115614138364952e-08</location_covariance>
      </camera>
      <camera id="16" sensor_id="0" component_id="0" label="camera_21334220_1">
        <transform>0.70006662697919819 0.17449497133827888 -0.69242921859755502 0.9630251993568737 0.31231057595378775 -0.9468423372172442 0.077147213821365482 -0.10849881937275825 -0.64215949882983225 -0.27026115782820026 -0.71734934629647462 -0.4470590724773354 0 0 0 1</transform>
        <rotation_covariance>5.3131266276029078e-08 3.9489231046084778e-09 5.5550990102097952e-09 3.9489231046084761e-09 7.0843714339558823e-08 -3.0399673755824564e-08 5.5550990102097886e-09 -3.0399673755824571e-08 2.6247660061458711e-08</rotation_covariance>
        <location_covariance>7.1472940862740698e-08 1.7548309703256984e-08 -5.0217318529556873e-08 1.7548309703256984e-08 9.9444288514698815e-08 -8.6477760985504112e-09 -5.0217318529556873e-08 -8.6477760985504112e-09 6.5417678887594993e-08</location_covariance>
      </camera>
      <camera id="17" sensor_id="0" component_id="0" label="camera_21334221_1">
        <transform>0.29471505493338007 -0.59151060679040113 0.75050532206644971 -0.61838998193072714 -0.56077410605899736 -0.74298874485676203 -0.36537669190837219 0.39807490359626557 0.77374119598826241 -0.31318193924718046 -0.55067380050264592 -0.64572728284887049 0 0 0 1</transform>
        <rotation_covariance>8.2780611277812603e-08 1.4563302105670338e-08 -4.4297107685939517e-09 1.4563302105670326e-08 5.9713226034412208e-08 -3.1492348666653159e-08 -4.4297107685939583e-09 -3.1492348666653165e-08 1.1315642185673095e-07</rotation_covariance>
        <location_covariance>8.5378823302804107e-08 -8.3927780739983532e-09 3.8173572356807326e-08 -8.3927780739983532e-09 1.0043685118334005e-07 -2.8453554642557925e-08 3.8173572356807326e-08 -2.8453554642557925e-08 1.025707081735532e-07</location_covariance>
      </camera>
      <camera id="18" sensor_id="0" component_id="0" label="camera_21334237_1">
        <transform>-0.6507355197385245 -0.27072155413460397 0.70940335739096705 -0.51160965827888405 -0.33185698722594842 -0.73892289599663197 -0.58639909089396425 0.48955731782886536 0.68294525650299998 -0.61701117809882156 0.39100253544082814 -1.6328027253863593 0 0 0 1</transform>
        <rotation_covariance>1.4519321307047838e-07 -4.5196150158763916e-09 -2.7416922856250725e-08 -4.5196150158763916e-09 5.9943763361161506e-08 -7.6325057426089378e-09 -2.7416922856250715e-08 -7.632505742608946e-09 1.1424285919912058e-07</rotation_covariance>
        <location_covariance>1.1414054867650433e-07 1.8839139614197803e-08 3.2075737089338915e-08 1.8839139614197803e-08 8.1985761549759188e-08 2.6467924230492238e-08 3.2075737089338915e-08 2.6467924230492238e-08 1.2167522857779581e-07</location_covariance>
      </camera>
      <camera id="19" sensor_id="0" component_id="0" label="camera_21334238_1">
        <transform>0.7062892129848275 -0.24233869082544765 0.66515224313707444 -0.45229089925987664 -0.48890802101177211 -0.84649838843517988 0.21073543927635119 -0.23527614146865827 0.51198095141482147 -0.4740384344181936 -0.71635401030686086 -0.5478652788096634 0 0 0 1</transform>
        <rotation_covariance>1.2030483729837306e-07 1.901533723739535e-08 -2.757501216630781e-09 1.901533723739535e-08 6.6987081116802051e-08 -1.646109116730566e-08 -2.757501216630781e-09 -1.6461091167305667e-08 1.3337586251828264e-07</rotation_covariance>
        <location_covariance>4.7503991734281002e-09 -1.6607691111706179e-08 9.2303201190448824e-09 -1.6607691111706179e-08 9.9938118175764825e-08 1.4568991176974007e-08 9.2303201190448824e-09 1.4568991176974008e-08 7.0324009229932633e-08</location_covariance>
      </camera>
    </cameras>
    <reference>LOCAL_CS["Local Coordinates (m)",LOCAL_DATUM["Local Datum",0],UNIT["metre",1,AUTHORITY["EPSG","9001"]]]</reference>
    <region>
      <center>0.35860987230793423 0.0020167681118078429 -1.4469598239945975</center>
      <size>2.8201938470204668 2.5211155613263445 1.4850642641385399</size>
      <R>-0.89495280446531056 0.28991696453494298 -0.33912775093542613 -0.44185160971386572 -0.47053943110783603 0.76377994132209293 0.061859783162742765 0.83339114313001839 0.54921086094459182</R>
    </region>
    <settings>
      <property name="accuracy_tiepoints" value="1"/>
      <property name="accuracy_cameras" value="10"/>
      <property name="accuracy_cameras_ypr" value="10"/>
      <property name="accuracy_markers" value="0.0050000000000000001"/>
      <property name="accuracy_scalebars" value="0.001"/>
      <property name="accuracy_projections" value="0.5"/>
    </settings>
    <meta>
      <property name="AlignCameras/adaptive_fitting" value="true"/>
      <property name="AlignCameras/cameras" value=""/>
      <property name="AlignCameras/duration" value="2.151"/>
      <property name="AlignCameras/min_image" value="2"/>
      <property name="AlignCameras/point_clouds" value=""/>
      <property name="AlignCameras/ram_used" value="47857664"/>
      <property name="AlignCameras/reset_alignment" value="false"/>
      <property name="AlignCameras/subdivide_task" value="true"/>
      <property name="OptimizeCameras/sigma0" value="0.537839815299903"/>
    </meta>
  </chunk>
</document>
