{
    "cam0": {
        "K": [
            2260.663019236886,
            0,
            1142.7834092988905,
            0,
            2260.663019236886,
            1323.6062102256976,
            0,
            0,
            1
        ],
        "R": [
            0.8610544885507861,
            0.4012690616150927,
            -0.3123592610073971,
            0.10743442125053093,
            -0.743945971834601,
            -0.6595469931109046,
            -0.49703421700835443,
            0.5343477623997455,
            -0.683688127687821
        ],
        "T": [
            -0.3601334979113614,
            -1.078176268044083,
            0.4907103790354074
        ],
        "imgSize": [
            2300.0,
            2656.0
        ],
        "distort": [
            -0.08291057427756618,
            0.08003483237200942,
            0.00023975598899933593,
            0.00019485227404902043,
            0
        ]
    },
    "cam1": {
        "K": [
            2260.663019236886,
            0,
            1142.7834092988905,
            0,
            2260.663019236886,
            1323.6062102256976,
            0,
            0,
            1
        ],
        "R": [
            0.8582251381645196,
            0.4100037767094711,
            -0.30878231054654215,
            -0.07030451403569239,
            -0.5020220669244791,
            -0.8619925287536307,
            -0.5084357260546274,
            0.7614924473721613,
            -0.402022841473541
        ],
        "T": [
            -0.35854005875716666,
            -1.4365557502141255,
            0.766482847101192
        ],
        "imgSize": [
            2300.0,
            2656.0
        ],
        "distort": [
            -0.08291057427756618,
            0.08003483237200942,
            0.00023975598899933593,
            0.00019485227404902043,
            0
        ]
    },
    "cam2": {
        "K": [
            2260.663019236886,
            0,
            1142.7834092988905,
            0,
            2260.663019236886,
            1323.6062102256976,
            0,
            0,
            1
        ],
        "R": [
            0.9926348593205985,
            -0.10889943102591333,
            -0.05307494685638107,
            -0.11865144581075968,
            -0.7855086438916864,
            -0.6073697430548062,
            0.024451389911244382,
            0.6091937986336345,
            -0.7926443371637315
        ],
        "T": [
            0.0007191179030836297,
            -1.0412288851170333,
            0.3863275006392978
        ],
        "imgSize": [
            2300.0,
            2656.0
        ],
        "distort": [
            -0.08291057427756618,
            0.08003483237200942,
            0.00023975598899933593,
            0.00019485227404902043,
            0
        ]
    },
    "cam3": {
        "K": [
            2260.663019236886,
            0,
            1142.7834092988905,
            0,
            2260.663019236886,
            1323.6062102256976,
            0,
            0,
            1
        ],
        "R": [
            0.9903313270111898,
            -0.13411851959469098,
            -0.03544129571536922,
            -0.10386557492985166,
            -0.5475298513091577,
            -0.8303150030379208,
            0.09195545163146733,
            0.82596808935158,
            -0.5561662613716811
        ],
        "T": [
            -0.0032914689692312665,
            -1.4655792255044149,
            0.5790404779100885
        ],
        "imgSize": [
            2300.0,
            2656.0
        ],
        "distort": [
            -0.08291057427756618,
            0.08003483237200942,
            0.00023975598899933593,
            0.00019485227404902043,
            0
        ]
    },
    "cam4": {
        "K": [
            2260.663019236886,
            0,
            1142.7834092988905,
            0,
            2260.663019236886,
            1323.6062102256976,
            0,
            0,
            1
        ],
        "R": [
            0.7921564807045868,
            -0.5918736891580204,
            0.14890818029980374,
            -0.38768686851778633,
            -0.6764241820950124,
            -0.6262181871009226,
            0.47136716268382217,
            0.4383330491299609,
            -0.7652954566596061
        ],
        "T": [
            0.19591313100122673,
            -1.0575174234661462,
            0.4359119400468352
        ],
        "imgSize": [
            2300.0,
            2656.0
        ],
        "distort": [
            -0.08291057427756618,
            0.08003483237200942,
            0.00023975598899933593,
            0.00019485227404902043,
            0
        ]
    },
    "cam5": {
        "K": [
            2260.663019236886,
            0,
            1142.7834092988905,
            0,
            2260.663019236886,
            1323.6062102256976,
            0,
            0,
            1
        ],
        "R": [
            0.7832754070039135,
            -0.5844100360868832,
            0.21200128892009382,
            -0.14237699231591622,
            -0.5005866661614545,
            -0.8538979925731373,
            0.6051515750966253,
            0.6386531917890083,
            -0.475303767895632
        ],
        "T": [
            0.2508646274690859,
            -1.41648323402791,
            0.729484858399648
        ],
        "imgSize": [
            2300.0,
            2656.0
        ],
        "distort": [
            -0.08291057427756618,
            0.08003483237200942,
            0.00023975598899933593,
            0.00019485227404902043,
            0
        ]
    },
    "cam6": {
        "K": [
            2260.663019236886,
            0,
            1142.7834092988905,
            0,
            2260.663019236886,
            1323.6062102256976,
            0,
            0,
            1
        ],
        "R": [
            0.34854582877468293,
            -0.8755658710377959,
            0.3345148886336679,
            -0.506033150594627,
            -0.4761951705146,
            -0.7191443596927163,
            0.7889526321288526,
            0.08137914384163064,
            -0.609041196639897
        ],
        "T": [
            0.34238756869342457,
            -1.1130131061056938,
            0.6602985974608188
        ],
        "imgSize": [
            2300.0,
            2656.0
        ],
        "distort": [
            -0.08291057427756618,
            0.08003483237200942,
            0.00023975598899933593,
            0.00019485227404902043,
            0
        ]
    },
    "cam7": {
        "K": [
            2260.663019236886,
            0,
            1142.7834092988905,
            0,
            2260.663019236886,
            1323.6062102256976,
            0,
            0,
            1
        ],
        "R": [
            0.3628031333481292,
            -0.8746380827630459,
            0.32153088594000173,
            -0.18061769443000772,
            -0.404498062856896,
            -0.8965258309741035,
            0.914194254462129,
            0.26718821329841935,
            -0.30472827860707413
        ],
        "T": [
            0.35083902469963085,
            -1.3941130377123072,
            0.9820270401144766
        ],
        "imgSize": [
            2300.0,
            2656.0
        ],
        "distort": [
            -0.08291057427756618,
            0.08003483237200942,
            0.00023975598899933593,
            0.00019485227404902043,
            0
        ]
    },
    "cam8": {
        "K": [
            2260.663019236886,
            0,
            1142.7834092988905,
            0,
            2260.663019236886,
            1323.6062102256976,
            0,
            0,
            1
        ],
        "R": [
            -0.5545171078433375,
            -0.7294265109237466,
            0.4005592868361309,
            -0.5060838714747008,
            -0.08650865500643573,
            -0.8581348190361211,
            0.6605981321062292,
            -0.6785670326287498,
            -0.3211804634269869
        ],
        "T": [
            0.5020947256030674,
            -1.3851642647292504,
            1.0209673136117705
        ],
        "imgSize": [
            2300.0,
            2656.0
        ],
        "distort": [
            -0.08291057427756618,
            0.08003483237200942,
            0.00023975598899933593,
            0.00019485227404902043,
            0
        ]
    },
    "cam9": {
        "K": [
            2260.663019236886,
            0,
            1142.7834092988905,
            0,
            2260.663019236886,
            1323.6062102256976,
            0,
            0,
            1
        ],
        "R": [
            -0.5794604971767043,
            -0.7248463767279878,
            0.37258993861353185,
            -0.15788899636432704,
            -0.34866409495902223,
            -0.9238530260346995,
            0.7995602522879635,
            -0.5941641852474062,
            0.08759180287271909
        ],
        "T": [
            0.4335834674814265,
            -1.4268673699523255,
            1.4811822342719185
        ],
        "imgSize": [
            2300.0,
            2656.0
        ],
        "distort": [
            -0.08291057427756618,
            0.08003483237200942,
            0.00023975598899933593,
            0.00019485227404902043,
            0
        ]
    },
    "cam10": {
        "K": [
            2260.663019236886,
            0,
            1142.7834092988905,
            0,
            2260.663019236886,
            1323.6062102256976,
            0,
            0,
            1
        ],
        "R": [
            -0.8903280916217172,
            -0.3438280598179068,
            0.29849313987273707,
            -0.32931601263890653,
            0.03354614705563555,
            -0.943623664305497,
            0.31443099893115367,
            -0.9384332268731621,
            -0.14309516278191028
        ],
        "T": [
            0.3353384139164352,
            -1.4398097178415208,
            1.2364324039223338
        ],
        "imgSize": [
            2300.0,
            2656.0
        ],
        "distort": [
            -0.08291057427756618,
            0.08003483237200942,
            0.00023975598899933593,
            0.00019485227404902043,
            0
        ]
    },
    "cam11": {
        "K": [
            2260.663019236886,
            0,
            1142.7834092988905,
            0,
            2260.663019236886,
            1323.6062102256976,
            0,
            0,
            1
        ],
        "R": [
            -0.8940199954725141,
            -0.36124668776906016,
            0.2650076947396228,
            -0.1568454325244104,
            -0.30171255755512344,
            -0.9404089764085501,
            0.41967577722756,
            -0.8823096753348166,
            0.21307716634828308
        ],
        "T": [
            0.3167739226064228,
            -1.495802519124271,
            1.6026647519039177
        ],
        "imgSize": [
            2300.0,
            2656.0
        ],
        "distort": [
            -0.08291057427756618,
            0.08003483237200942,
            0.00023975598899933593,
            0.00019485227404902043,
            0
        ]
    },
    "cam12": {
        "K": [
            2260.663019236886,
            0,
            1142.7834092988905,
            0,
            2260.663019236886,
            1323.6062102256976,
            0,
            0,
            1
        ],
        "R": [
            -0.9888478100203422,
            0.1308299981274489,
            0.07115841628328051,
            -0.06777230656521435,
            0.030160258915668717,
            -0.9972448411724029,
            -0.1326156969623262,
            -0.9909459472504604,
            -0.020957255237385633
        ],
        "T": [
            0.031234179962742702,
            -1.4286088541827613,
            1.3941696738269305
        ],
        "imgSize": [
            2300.0,
            2656.0
        ],
        "distort": [
            -0.08291057427756618,
            0.08003483237200942,
            0.00023975598899933593,
            0.00019485227404902043,
            0
        ]
    },
    "cam13": {
        "K": [
            2260.663019236886,
            0,
            1142.7834092988905,
            0,
            2260.663019236886,
            1323.6062102256976,
            0,
            0,
            1
        ],
        "R": [
            -0.9856383312932767,
            0.15186987588851533,
            0.07384186267295628,
            -0.12014643268463338,
            -0.32338379728907857,
            -0.9386094791573609,
            -0.11866724315733318,
            -0.9340013171556574,
            0.3369860901475537
        ],
        "T": [
            0.012037309335669454,
            -1.4464308432548179,
            1.7499720074253529
        ],
        "imgSize": [
            2300.0,
            2656.0
        ],
        "distort": [
            -0.08291057427756618,
            0.08003483237200942,
            0.00023975598899933593,
            0.00019485227404902043,
            0
        ]
    },
    "cam14": {
        "K": [
            2260.663019236886,
            0,
            1142.7834092988905,
            0,
            2260.663019236886,
            1323.6062102256976,
            0,
            0,
            1
        ],
        "R": [
            -0.49857934977463575,
            0.8085224714707708,
            -0.31258606031795105,
            0.3263153419657438,
            -0.15901878301039327,
            -0.9317893132289473,
            -0.8030796533196943,
            -0.56657253708302,
            -0.18454980532969706
        ],
        "T": [
            -0.29817324428081654,
            -1.4263972411402732,
            1.123159925716215
        ],
        "imgSize": [
            2300.0,
            2656.0
        ],
        "distort": [
            -0.08291057427756618,
            0.08003483237200942,
            0.00023975598899933593,
            0.00019485227404902043,
            0
        ]
    },
    "cam15": {
        "K": [
            2260.663019236886,
            0,
            1142.7834092988905,
            0,
            2260.663019236886,
            1323.6062102256976,
            0,
            0,
            1
        ],
        "R": [
            -0.5026725265838413,
            0.8212293274906772,
            -0.270005041965936,
            -0.022220615627406484,
            -0.32450459768734785,
            -0.9456230804717658,
            -0.8641912839522025,
            -0.4693390648017504,
            0.1813677672356958
        ],
        "T": [
            -0.24140351588346576,
            -1.51550365587546,
            1.4926352541230388
        ],
        "imgSize": [
            2300.0,
            2656.0
        ],
        "distort": [
            -0.08291057427756618,
            0.08003483237200942,
            0.00023975598899933593,
            0.00019485227404902043,
            0
        ]
    },
    "cam16": {
        "K": [
            2260.663019236886,
            0,
            1142.7834092988905,
            0,
            2260.663019236886,
            1323.6062102256976,
            0,
            0,
            1
        ],
        "R": [
            0.015806051383835697,
            0.9257525662161508,
            -0.37779935797174485,
            0.36970840657665305,
            -0.3564794742963103,
            -0.8580431682100716,
            -0.9290133814139621,
            -0.1261133242351384,
            -0.34789303902803076
        ],
        "T": [
            -0.39532568158333525,
            -1.3138372611276659,
            0.8985566575172773
        ],
        "imgSize": [
            2300.0,
            2656.0
        ],
        "distort": [
            -0.08291057427756618,
            0.08003483237200942,
            0.00023975598899933593,
            0.00019485227404902043,
            0
        ]
    },
    "cam17": {
        "K": [
            2260.663019236886,
            0,
            1142.7834092988905,
            0,
            2260.663019236886,
            1323.6062102256976,
            0,
            0,
            1
        ],
        "R": [
            -0.03300659994060161,
            0.9347887637214914,
            -0.35366726110909175,
            0.05115481581885362,
            -0.35181620318887563,
            -0.9346702862466009,
            -0.9981451543632819,
            -0.048942071817703374,
            -0.036206690366429616
        ],
        "T": [
            -0.2803921312266509,
            -1.5643159039821322,
            1.1769807528438687
        ],
        "imgSize": [
            2300.0,
            2656.0
        ],
        "distort": [
            -0.08291057427756618,
            0.08003483237200942,
            0.00023975598899933593,
            0.00019485227404902043,
            0
        ]
    },
    "cam18": {
        "K": [
            2260.663019236886,
            0,
            1142.7834092988905,
            0,
            2260.663019236886,
            1323.6062102256976,
            0,
            0,
            1
        ],
        "R": [
            0.5466456334123779,
            0.745726917835243,
            -0.3808804477616667,
            0.3075014080903233,
            -0.6018504593499676,
            -0.737033858518523,
            -0.7788590600960159,
            0.2857750664354415,
            -0.5583110028560876
        ],
        "T": [
            -0.4341464200517384,
            -1.1860905609256154,
            0.63566180520437
        ],
        "imgSize": [
            2300.0,
            2656.0
        ],
        "distort": [
            -0.08291057427756618,
            0.08003483237200942,
            0.00023975598899933593,
            0.00019485227404902043,
            0
        ]
    },
    "cam19": {
        "K": [
            2260.663019236886,
            0,
            1142.7834092988905,
            0,
            2260.663019236886,
            1323.6062102256976,
            0,
            0,
            1
        ],
        "R": [
            0.5128325224681608,
            0.7675291305718167,
            -0.3845800795967142,
            0.0017991559720506422,
            -0.44893328587903275,
            -0.8935634660546741,
            -0.8584867890286562,
            0.4575564867352735,
            -0.23160849403625536
        ],
        "T": [
            -0.37502397860906006,
            -1.472619871489387,
            0.9626662204917067
        ],
        "imgSize": [
            2300.0,
            2656.0
        ],
        "distort": [
            -0.08291057427756618,
            0.08003483237200942,
            0.00023975598899933593,
            0.00019485227404902043,
            0
        ]
    }
}