{
    "cam0": {
        "K": [
            2261.6599385609247,
            0,
            1144.603327521019,
            0,
            2261.6599385609247,
            1319.467569748586,
            0,
            0,
            1
        ],
        "R": [
            -0.6314698072830416,
            -0.3620021996604435,
            0.6857115209261971,
            -0.5115380637928143,
            -0.4701082959536922,
            -0.7192544746934931,
            0.5827303765730909,
            -0.8049550282571788,
            0.1116812907449942
        ],
        "T": [
            0.9214514785810047,
            -0.7268547379010944,
            0.9875327413923866
        ],
        "imgSize": [
            2300.0,
            2656.0
        ],
        "distort": [
            -0.0808906007994973,
            0.06618249085446415,
            0.0006181988776595986,
            -0.00035459105413522914,
            0.019530938312168945
        ]
    },
    "cam1": {
        "K": [
            2261.6599385609247,
            0,
            1144.603327521019,
            0,
            2261.6599385609247,
            1319.467569748586,
            0,
            0,
            1
        ],
        "R": [
            -0.634938772312886,
            -0.35412736764867153,
            0.6866196639304967,
            -0.2929377337060671,
            -0.7120307656109959,
            -0.6381219891169495,
            0.7148707852367157,
            -0.6063052006255939,
            0.3483586716437529
        ],
        "T": [
            0.9069502213012798,
            -0.757968879871036,
            1.129222425141486
        ],
        "imgSize": [
            2300.0,
            2656.0
        ],
        "distort": [
            -0.0808906007994973,
            0.06618249085446415,
            0.0006181988776595986,
            -0.00035459105413522914,
            0.019530938312168945
        ]
    },
    "cam2": {
        "K": [
            2261.6599385609247,
            0,
            1144.603327521019,
            0,
            2261.6599385609247,
            1319.467569748586,
            0,
            0,
            1
        ],
        "R": [
            -0.9344181275095202,
            0.026012794467277722,
            0.3552268254307458,
            -0.3282611956931093,
            -0.44994887558004054,
            -0.8305363307925715,
            0.13822933980791724,
            -0.8926753855059865,
            0.42897937680966325
        ],
        "T": [
            0.6133093838353889,
            -0.8747510493684929,
            1.451553094461139
        ],
        "imgSize": [
            2300.0,
            2656.0
        ],
        "distort": [
            -0.0808906007994973,
            0.06618249085446415,
            0.0006181988776595986,
            -0.00035459105413522914,
            0.019530938312168945
        ]
    },
    "cam3": {
        "K": [
            2261.6599385609247,
            0,
            1144.603327521019,
            0,
            2261.6599385609247,
            1319.467569748586,
            0,
            0,
            1
        ],
        "R": [
            -0.9469632017676922,
            0.07136620567962343,
            0.3133170266435821,
            -0.28638148003176833,
            -0.6297021132120834,
            -0.7221224941178955,
            0.14576125134168988,
            -0.773551622907696,
            0.6167426888939783
        ],
        "T": [
            0.5204624397454957,
            -0.9536960623735209,
            1.5378767430348474
        ],
        "imgSize": [
            2300.0,
            2656.0
        ],
        "distort": [
            -0.0808906007994973,
            0.06618249085446415,
            0.0006181988776595986,
            -0.00035459105413522914,
            0.019530938312168945
        ]
    },
    "cam4": {
        "K": [
            2261.6599385609247,
            0,
            1144.603327521019,
            0,
            2261.6599385609247,
            1319.467569748586,
            0,
            0,
            1
        ],
        "R": [
            -0.936234286799442,
            0.3322005500939363,
            -0.11449085002054349,
            -0.053413627302525385,
            -0.45660120537121907,
            -0.8880666211900641,
            -0.34729288020275806,
            -0.8253230481277228,
            0.44522974023490014
        ],
        "T": [
            0.04853495437861392,
            -1.0451809982762945,
            1.566450202067429
        ],
        "imgSize": [
            2300.0,
            2656.0
        ],
        "distort": [
            -0.0808906007994973,
            0.06618249085446415,
            0.0006181988776595986,
            -0.00035459105413522914,
            0.019530938312168945
        ]
    },
    "cam5": {
        "K": [
            2261.6599385609247,
            0,
            1144.603327521019,
            0,
            2261.6599385609247,
            1319.467569748586,
            0,
            0,
            1
        ],
        "R": [
            -0.9206897921592588,
            0.3814715861178717,
            -0.08252112213521255,
            -0.2335821915324146,
            -0.7079409146674112,
            -0.666527584679572,
            -0.312681413602814,
            -0.5943896788509914,
            0.7408989426789334
        ],
        "T": [
            0.07778848583185022,
            -0.7930453810954541,
            1.7966373186229052
        ],
        "imgSize": [
            2300.0,
            2656.0
        ],
        "distort": [
            -0.0808906007994973,
            0.06618249085446415,
            0.0006181988776595986,
            -0.00035459105413522914,
            0.019530938312168945
        ]
    },
    "cam6": {
        "K": [
            2261.6599385609247,
            0,
            1144.603327521019,
            0,
            2261.6599385609247,
            1319.467569748586,
            0,
            0,
            1
        ],
        "R": [
            -0.6987524289678068,
            0.5367629169674706,
            -0.47289598642847774,
            0.10169885738265942,
            -0.5798062046306492,
            -0.8083824017622245,
            -0.7080977230712242,
            -0.6129521482468059,
            0.350552818475296
        ],
        "T": [
            -0.37471299804354363,
            -0.9438779084745132,
            1.54250639101628
        ],
        "imgSize": [
            2300.0,
            2656.0
        ],
        "distort": [
            -0.0808906007994973,
            0.06618249085446415,
            0.0006181988776595986,
            -0.00035459105413522914,
            0.019530938312168945
        ]
    },
    "cam7": {
        "K": [
            2261.6599385609247,
            0,
            1144.603327521019,
            0,
            2261.6599385609247,
            1319.467569748586,
            0,
            0,
            1
        ],
        "R": [
            -0.652149212029186,
            0.5491822792115738,
            -0.522589924749505,
            -0.16266938129404196,
            -0.7746672074819898,
            -0.6110886924509971,
            -0.7404323585845811,
            -0.313511629532361,
            0.5945337505212279
        ],
        "T": [
            -0.5045952550663014,
            -0.6933684994099456,
            1.72789866624928
        ],
        "imgSize": [
            2300.0,
            2656.0
        ],
        "distort": [
            -0.0808906007994973,
            0.06618249085446415,
            0.0006181988776595986,
            -0.00035459105413522914,
            0.019530938312168945
        ]
    },
    "cam8": {
        "K": [
            2261.6599385609247,
            0,
            1144.603327521019,
            0,
            2261.6599385609247,
            1319.467569748586,
            0,
            0,
            1
        ],
        "R": [
            0.23566741318979811,
            0.5435964369775658,
            -0.8055828846653361,
            0.2727175572322079,
            -0.8326148257261956,
            -0.48205568761112383,
            -0.9327840073338125,
            -0.10609177954126327,
            -0.344468474575021
        ],
        "T": [
            -0.9560885032799736,
            -0.6718158218748714,
            0.8028089777874471
        ],
        "imgSize": [
            2300.0,
            2656.0
        ],
        "distort": [
            -0.0808906007994973,
            0.06618249085446415,
            0.0006181988776595986,
            -0.00035459105413522914,
            0.019530938312168945
        ]
    },
    "cam9": {
        "K": [
            2261.6599385609247,
            0,
            1144.603327521019,
            0,
            2261.6599385609247,
            1319.467569748586,
            0,
            0,
            1
        ],
        "R": [
            0.2547909394108365,
            0.5136199200783408,
            -0.8193144420140912,
            -0.16228059855421445,
            -0.8125502304721688,
            -0.5598456307702251,
            -0.9532820068201374,
            0.2756024322431571,
            -0.12367988848081483
        ],
        "T": [
            -0.9934326478272821,
            -0.634819199551701,
            0.9601156880464017
        ],
        "imgSize": [
            2300.0,
            2656.0
        ],
        "distort": [
            -0.0808906007994973,
            0.06618249085446415,
            0.0006181988776595986,
            -0.00035459105413522914,
            0.019530938312168945
        ]
    },
    "cam10": {
        "K": [
            2261.6599385609247,
            0,
            1144.603327521019,
            0,
            2261.6599385609247,
            1319.467569748586,
            0,
            0,
            1
        ],
        "R": [
            0.6851451246404585,
            0.3315535217736915,
            -0.6485741440890725,
            0.15532873120502735,
            -0.9364238656770275,
            -0.31461616146143584,
            -0.7116524035255183,
            0.11481553026465544,
            -0.6930860340292526
        ],
        "T": [
            -0.8899838694380053,
            -0.42486342932573196,
            0.3604927269986354
        ],
        "imgSize": [
            2300.0,
            2656.0
        ],
        "distort": [
            -0.0808906007994973,
            0.06618249085446415,
            0.0006181988776595986,
            -0.00035459105413522914,
            0.019530938312168945
        ]
    },
    "cam11": {
        "K": [
            2261.6599385609247,
            0,
            1144.603327521019,
            0,
            2261.6599385609247,
            1319.467569748586,
            0,
            0,
            1
        ],
        "R": [
            0.6753670531679828,
            0.3025225045640962,
            -0.6725767448607352,
            -0.14276845857811796,
            -0.8411062049458686,
            -0.5216871852334374,
            -0.7235305872804723,
            0.44835308210586045,
            -0.5248647473737886
        ],
        "T": [
            -0.893839264416736,
            -0.6297350766366829,
            0.4468986209468523
        ],
        "imgSize": [
            2300.0,
            2656.0
        ],
        "distort": [
            -0.0808906007994973,
            0.06618249085446415,
            0.0006181988776595986,
            -0.00035459105413522914,
            0.019530938312168945
        ]
    },
    "cam12": {
        "K": [
            2261.6599385609247,
            0,
            1144.603327521019,
            0,
            2261.6599385609247,
            1319.467569748586,
            0,
            0,
            1
        ],
        "R": [
            0.9437952124087253,
            -0.01293603882871392,
            -0.33027754379277874,
            -0.08524766693384866,
            -0.9749549275229709,
            -0.20541597937116557,
            -0.31934844968576975,
            0.22202600793173324,
            -0.921260560039989
        ],
        "T": [
            -0.5868626362800154,
            -0.2023896116704796,
            0.027120570618493173
        ],
        "imgSize": [
            2300.0,
            2656.0
        ],
        "distort": [
            -0.0808906007994973,
            0.06618249085446415,
            0.0006181988776595986,
            -0.00035459105413522914,
            0.019530938312168945
        ]
    },
    "cam13": {
        "K": [
            2261.6599385609247,
            0,
            1144.603327521019,
            0,
            2261.6599385609247,
            1319.467569748586,
            0,
            0,
            1
        ],
        "R": [
            0.9482497518808177,
            -0.009703399613031918,
            -0.3173771448827348,
            -0.18414147500267464,
            -0.8310932909659812,
            -0.5247626691135482,
            -0.25867803393756916,
            0.5560483663740823,
            -0.7898708052655882
        ],
        "T": [
            -0.5799157261888421,
            -0.592557220038355,
            0.05313598940190847
        ],
        "imgSize": [
            2300.0,
            2656.0
        ],
        "distort": [
            -0.0808906007994973,
            0.06618249085446415,
            0.0006181988776595986,
            -0.00035459105413522914,
            0.019530938312168945
        ]
    },
    "cam14": {
        "K": [
            2261.6599385609247,
            0,
            1144.603327521019,
            0,
            2261.6599385609247,
            1319.467569748586,
            0,
            0,
            1
        ],
        "R": [
            0.6854510826993666,
            -0.5551645025952906,
            0.47111483555964284,
            -0.49736234380735955,
            -0.829553962648335,
            -0.25391124830714845,
            0.5317776905707082,
            -0.0602710387546801,
            -0.8447365800642922
        ],
        "T": [
            0.3832491681139377,
            -0.16268558184431503,
            -0.07991784686581807
        ],
        "imgSize": [
            2300.0,
            2656.0
        ],
        "distort": [
            -0.0808906007994973,
            0.06618249085446415,
            0.0006181988776595986,
            -0.00035459105413522914,
            0.019530938312168945
        ]
    },
    "cam15": {
        "K": [
            2261.6599385609247,
            0,
            1144.603327521019,
            0,
            2261.6599385609247,
            1319.467569748586,
            0,
            0,
            1
        ],
        "R": [
            0.7142458459483125,
            -0.5149507072928879,
            0.47400278543921476,
            -0.25658155764946294,
            -0.822749373302684,
            -0.5071975680188301,
            0.6511672410523699,
            0.2406433830143581,
            -0.7197721767279215
        ],
        "T": [
            0.39687460268505953,
            -0.5713488642140125,
            -0.07241702065142192
        ],
        "imgSize": [
            2300.0,
            2656.0
        ],
        "distort": [
            -0.0808906007994973,
            0.06618249085446415,
            0.0006181988776595986,
            -0.00035459105413522914,
            0.019530938312168945
        ]
    },
    "cam16": {
        "K": [
            2261.6599385609247,
            0,
            1144.603327521019,
            0,
            2261.6599385609247,
            1319.467569748586,
            0,
            0,
            1
        ],
        "R": [
            0.30928579290974245,
            -0.5960642373218978,
            0.7409788953067797,
            -0.6040935884884583,
            -0.7249216823021892,
            -0.33099772034758707,
            0.7344475710704805,
            -0.3452477074710652,
            -0.5842865614017188
        ],
        "T": [
            0.8060255084855275,
            -0.26621148260029914,
            0.16457367234105777
        ],
        "imgSize": [
            2300.0,
            2656.0
        ],
        "distort": [
            -0.0808906007994973,
            0.06618249085446415,
            0.0006181988776595986,
            -0.00035459105413522914,
            0.019530938312168945
        ]
    },
    "cam17": {
        "K": [
            2261.6599385609247,
            0,
            1144.603327521019,
            0,
            2261.6599385609247,
            1319.467569748586,
            0,
            0,
            1
        ],
        "R": [
            0.33694848087730606,
            -0.580662529140408,
            0.7411455649781226,
            -0.2883339017491871,
            -0.8129949721799077,
            -0.5058682993747291,
            0.8962863841075381,
            -0.0432458375159463,
            -0.4413621134635127
        ],
        "T": [
            0.8321839580425351,
            -0.5734909383929192,
            0.18474476766987824
        ],
        "imgSize": [
            2300.0,
            2656.0
        ],
        "distort": [
            -0.0808906007994973,
            0.06618249085446415,
            0.0006181988776595986,
            -0.00035459105413522914,
            0.019530938312168945
        ]
    },
    "cam18": {
        "K": [
            2261.6599385609247,
            0,
            1144.603327521019,
            0,
            2261.6599385609247,
            1319.467569748586,
            0,
            0,
            1
        ],
        "R": [
            -0.21822124862094627,
            -0.5270677203233692,
            0.8213276476799267,
            -0.6523707435876609,
            -0.54714447818567,
            -0.5244476455298591,
            0.7258043121676786,
            -0.6502557482898995,
            -0.2244450094226768
        ],
        "T": [
            0.9945149677841556,
            -0.5184561929496203,
            0.575199638581234
        ],
        "imgSize": [
            2300.0,
            2656.0
        ],
        "distort": [
            -0.0808906007994973,
            0.06618249085446415,
            0.0006181988776595986,
            -0.00035459105413522914,
            0.019530938312168945
        ]
    },
    "cam19": {
        "K": [
            2261.6599385609247,
            0,
            1144.603327521019,
            0,
            2261.6599385609247,
            1319.467569748586,
            0,
            0,
            1
        ],
        "R": [
            -0.18107219402422922,
            -0.5371960446320252,
            0.8237920066272549,
            -0.3421171451256663,
            -0.750916306631606,
            -0.5648721620382886,
            0.9220459422188871,
            -0.3841160112081434,
            -0.04781391399195236
        ],
        "T": [
            1.031559510804049,
            -0.6667996838798765,
            0.6315955920207437
        ],
        "imgSize": [
            2300.0,
            2656.0
        ],
        "distort": [
            -0.0808906007994973,
            0.06618249085446415,
            0.0006181988776595986,
            -0.00035459105413522914,
            0.019530938312168945
        ]
    }
}