<?xml version="1.0" encoding="UTF-8"?>
<document version="2.0.0">
  <chunk label="Chunk 1" enabled="true">
    <sensors next_id="1">
      <sensor id="0" label="unknown" type="frame">
        <resolution width="2300" height="2656"/>
        <property name="layer_index" value="0"/>
        <bands>
          <band label="Red"/>
          <band label="Green"/>
          <band label="Blue"/>
        </bands>
        <data_type>uint8</data_type>
        <calibration type="frame" class="adjusted">
          <resolution width="2300" height="2656"/>
          <f>2261.6599385609247</f>
          <cx>-5.3966724789809142</cx>
          <cy>-8.532430251414155</cy>
          <k1>-0.080890600799497295</k1>
          <k2>0.066182490854464149</k2>
          <k3>0.019530938312168945</k3>
          <p1>0.00061819887765959857</p1>
          <p2>-0.00035459105413522914</p2>
        </calibration>
        <covariance>
          <params>f cx cy k1 k2 k3 p1 p2</params>
          <coeffs>0.19918991181169357 -0.0018322957736724231 0.050569947467178925 -0.0004110273001733854 0.0014855646303470595 -0.0014423430742967554 -6.4525335363584346e-07 2.0084079872547544e-05 -0.0018322957736724231 0.57385525538996229 0.014985999023821606 3.3794117251164792e-06 4.4257757239164832e-05 -9.3686005073088417e-05 7.2479963922809351e-05 1.4510430160531479e-06 0.050569947467178925 0.014985999023821606 1.0397321979017384 -0.00022170655605494496 0.00087717060352154495 -0.00071334280052796429 1.9310993104995058e-06 0.00012453397813155827 -0.0004110273001733854 3.3794117251164792e-06 -0.00022170655605494496 2.2517062516365163e-06 -7.6255171994467179e-06 8.0117531052279515e-06 1.5091969156151551e-09 -2.7834872682222907e-08 0.0014855646303470595 4.4257757239164832e-05 0.00087717060352154495 -7.6255171994467179e-06 2.8062037847753221e-05 -3.0441531876002404e-05 1.1331716406899935e-09 9.3376995119344412e-08 -0.0014423430742967554 -9.3686005073088417e-05 -0.00071334280052796429 8.0117531052279515e-06 -3.0441531876002404e-05 3.4110833656457658e-05 -6.9505925550832495e-09 -5.2432175753521763e-08 -6.4525335363584346e-07 7.2479963922809351e-05 1.9310993104995058e-06 1.5091969156151551e-09 1.1331716406899935e-09 -6.9505925550832495e-09 9.8528226046392527e-09 1.2889319333771901e-10 2.0084079872547544e-05 1.4510430160531479e-06 0.00012453397813155827 -2.7834872682222907e-08 9.3376995119344412e-08 -5.2432175753521763e-08 1.2889319333771901e-10 2.0514581203887789e-08</coeffs>
        </covariance>
      </sensor>
    </sensors>
    <components next_id="1" active_id="0">
      <component id="0" label="Component 1">
        <region>
          <center>0.17653839035330277 -0.20881840022301695 -1.0236900601322556</center>
          <size>2.7473543872435888 2.0533363362153372 1.3621066202720007</size>
          <R>0.9481408438382255 -0.27026393838789992 0.16729119478561696 0.29102930737053478 0.52655432636522503 -0.79877561532478614 0.12779234130872066 0.80603842649908786 0.57790239012285627</R>
        </region>
        <partition>
          <camera_ids>0 1 2 3 4 5 6 7 8 9 10 11 12 13 14 15 16 17 18 19</camera_ids>
        </partition>
      </component>
    </components>
    <cameras next_id="20" next_group_id="20">
      <group id="0" label="21293324" type="folder">
        <camera id="0" sensor_id="0" component_id="0" label="camera_21293324_1">
          <transform>0.23566741318979822 0.27271755723220847 -0.93278400733381273 1.1573822496242974 0.54359643697756554 -0.83261482572619627 -0.10609177954126309 0.045533923452932237 -0.80558288466533634 -0.48205568761112438 -0.34446847457502083 -0.81751878847599502 0 0 0 1</transform>
        </camera>
      </group>
      <group id="1" label="21293325" type="folder">
        <camera id="1" sensor_id="0" component_id="0" label="camera_21293325_1">
          <transform>-0.65214921202918541 -0.16266938129404193 -0.74043235858458123 0.83753086205315797 0.54918227921157381 -0.77466720748199014 -0.31351162953236134 0.28170125958538195 -0.52258992474950472 -0.61108869245099695 0.59453375052122781 -1.7147001206310011 0 0 0 1</transform>
          <rotation_covariance>1.1118424615556282e-07 -1.3587913012283066e-08 9.9457981795083212e-08 -1.3587913012283064e-08 4.1910288565569625e-08 -3.8572509227754702e-08 9.9457981795083226e-08 -3.8572509227754708e-08 2.3346367317302833e-07</rotation_covariance>
          <location_covariance>1.573457358467912e-07 -2.9889390905156529e-09 -4.927172769579608e-09 -2.9889390905156529e-09 8.6421652743891624e-08 2.3991071548642112e-08 -4.927172769579608e-09 2.3991071548642112e-08 1.1267382375535995e-07</location_covariance>
        </camera>
      </group>
      <group id="2" label="21293326" type="folder">
        <camera id="2" sensor_id="0" component_id="0" label="camera_21293326_1">
          <transform>-0.69875242896780632 0.1016988573826597 -0.70809772307122398 0.92640495055329664 0.53676291696747036 -0.57980620463064947 -0.61295214824680555 0.599348380166011 -0.47289598642847763 -0.8083824017622252 0.35055281847529624 -1.480944526347221 0 0 0 1</transform>
          <rotation_covariance>1.1665516609657736e-07 -5.5594333058171978e-08 8.1897525096656287e-08 -5.5594333058171971e-08 9.0664384427079412e-08 -9.3223409865986886e-08 8.189752509665626e-08 -9.3223409865986886e-08 1.6870158542122922e-07</rotation_covariance>
          <location_covariance>1.4185786281392653e-07 1.6574485444652071e-10 4.3897419540851313e-08 1.6574485444652071e-10 6.9346576130605575e-08 1.9492016293153421e-09 4.3897419540851313e-08 1.9492016293153421e-09 1.4259101838307994e-07</location_covariance>
        </camera>
      </group>
      <group id="3" label="21334180" type="folder">
        <camera id="3" sensor_id="0" component_id="0" label="camera_21334180_1">
          <transform>-0.9344181275095198 -0.32826119569310908 0.13822933980791713 0.085293354684475658 0.026012794467277819 -0.44994887558004026 -0.89267538550598535 0.88621857615812671 0.35522682543074574 -0.83053633079257128 0.42897937680966286 -1.5670628141942684 0 0 0 1</transform>
          <rotation_covariance>5.4409344425058966e-07 -8.5461221655851822e-08 1.8669484268636221e-07 -8.5461221655851809e-08 6.9785028594248307e-08 -8.1904979213605637e-08 1.8669484268636215e-07 -8.1904979213605637e-08 1.8761930195676957e-07</rotation_covariance>
          <location_covariance>2.3117538815468914e-07 1.3431531966762148e-07 -1.4091251776772965e-08 1.3431531966762148e-07 2.9327504406844022e-07 1.1836699364396576e-07 -1.4091251776772965e-08 1.1836699364396576e-07 2.8727939056169711e-07</location_covariance>
        </camera>
      </group>
      <group id="4" label="21334181" type="folder">
        <camera id="4" sensor_id="0" component_id="0" label="camera_21334181_1">
          <transform>-0.63146980728304181 -0.51153806379281519 0.58273037657309101 -0.3654104039541814 -0.36200219966044361 -0.47010829595369308 -0.80495502825717891 0.78678646563853805 0.68571152092619725 -0.71925447469349424 0.11168129074499415 -1.2649323487366473 0 0 0 1</transform>
          <rotation_covariance>7.5581150618621326e-07 -7.5261140416834819e-08 1.033555643767107e-07 -7.5261140416834846e-08 6.2422104200553045e-08 -5.829459427719489e-08 1.0335556437671067e-07 -5.8294594277194897e-08 1.3873191054493051e-07</rotation_covariance>
          <location_covariance>1.6339078552141905e-07 1.7463078256464307e-07 -1.6346138027451025e-08 1.7463078256464307e-07 4.6707964541121693e-07 1.4193404767550744e-07 -1.6346138027451025e-08 1.4193404767550744e-07 4.0539826524497508e-07</location_covariance>
        </camera>
      </group>
      <group id="5" label="21334183" type="folder">
        <camera id="5" sensor_id="0" component_id="0" label="camera_21334183_1">
          <transform>0.6753670531679814 -0.14276845857811732 -0.72353058728047115 0.83710810547948411 0.30252250456409613 -0.84110620494586874 0.44835308210586111 -0.4596359615724761 -0.67257674486073504 -0.52168718523343693 -0.52486474737378852 -0.69513889067851176 0 0 0 1</transform>
          <rotation_covariance>5.2455763274973037e-08 1.9924779666331396e-09 -1.7213726379534334e-08 1.9924779666331371e-09 2.7713286773422168e-08 -2.1376048488712703e-08 -1.7213726379534321e-08 -2.1376048488712713e-08 8.8444915280874727e-08</rotation_covariance>
          <location_covariance>6.7504944285776717e-08 -1.6334633118531361e-08 3.8148903718211804e-09 -1.6334633118531361e-08 5.3078063934951901e-08 3.0223617905547886e-09 3.8148903718211804e-09 3.0223617905547886e-09 4.6656097310985492e-08</location_covariance>
        </camera>
      </group>
      <group id="6" label="21334184" type="folder">
        <camera id="6" sensor_id="0" component_id="0" label="camera_21334184_1">
          <transform>0.68545108269936683 -0.49736234380735966 0.53177769057070789 -0.30111371147539456 -0.55516450259529071 -0.82955396264833514 -0.060271038754680151 0.072993133055691273 0.47111483555964306 -0.25391124830714862 -0.84473658006429198 -0.28937159662956552 0 0 0 1</transform>
          <rotation_covariance>4.7316813501808236e-07 9.7220458228109904e-08 -1.9088180510820087e-07 9.7220458228109917e-08 8.5490712198208392e-08 -9.6694209105358255e-08 -1.9088180510820084e-07 -9.6694209105358255e-08 2.2282534368650833e-07</rotation_covariance>
          <location_covariance>7.121402427101547e-08 1.1621068936504891e-08 1.1885473849996841e-07 1.1621068936504891e-08 2.8688652475062788e-07 5.0659678618429179e-08 1.1885473849996841e-07 5.0659678618429179e-08 3.4242482179535868e-07</location_covariance>
        </camera>
      </group>
      <group id="7" label="21334186" type="folder">
        <camera id="7" sensor_id="0" component_id="0" label="camera_21334186_1">
          <transform>-0.92068979215925995 -0.2335821915324145 -0.31268141360281398 0.44815288327055403 0.38147158611787207 -0.70794091466741083 -0.59438967885099114 0.47679930929050979 -0.082521122135212607 -0.66652758467957185 0.74089894267893341 -1.8532941190080245 0 0 0 1</transform>
          <rotation_covariance>2.9995760303201698e-07 -2.4781920792966177e-08 2.1051617195963196e-07 -2.478192079296619e-08 3.3326075375724291e-08 -3.4546743423699074e-08 2.1051617195963202e-07 -3.4546743423699068e-08 2.4882411785870388e-07</rotation_covariance>
          <location_covariance>2.0741417032429351e-07 3.6734651441326277e-08 -5.118628941038186e-08 3.6734651441326277e-08 1.9730188415466796e-07 7.4356418649119823e-08 -5.118628941038186e-08 7.4356418649119823e-08 1.7486569964498588e-07</location_covariance>
        </camera>
      </group>
      <group id="8" label="21334190" type="folder">
        <camera id="8" sensor_id="0" component_id="0" label="camera_21334190_1">
          <transform>-0.21822124862094633 -0.65237074358766134 0.72580431216767893 -0.53868373210964327 -0.52706772032336935 -0.54714447818567025 -0.65025574828989963 0.61453316514563505 0.82132764767992661 -0.52444764552985923 -0.22444500942267676 -0.95962508047415596 0 0 0 1</transform>
          <rotation_covariance>8.2677328404741948e-07 2.3221636205018684e-08 -3.2577692842161433e-08 2.3221636205018658e-08 5.4373901245112111e-08 -5.3772447435058906e-08 -3.2577692842161479e-08 -5.3772447435058899e-08 1.3009159633796529e-07</rotation_covariance>
          <location_covariance>9.5381671614439815e-08 1.418570124333781e-07 2.1447137960646136e-08 1.418570124333781e-07 5.0104613639403879e-07 1.5609895910916731e-07 2.1447137960646136e-08 1.5609895910916731e-07 4.8893123400118638e-07</location_covariance>
        </camera>
      </group>
      <group id="9" label="21334191" type="folder">
        <camera id="9" sensor_id="0" component_id="0" label="camera_21334191_1">
          <transform>0.94824975188081861 -0.18414147500267439 -0.258678033937569 0.45453569621882056 -0.0097033996130319565 -0.83109329096598039 0.55604836637408195 -0.52764366422302267 -0.31737714488273516 -0.52476266911354774 -0.78987080526558773 -0.45303333910277449 0 0 0 1</transform>
          <rotation_covariance>1.1269260356691943e-07 1.4899360570909976e-08 -9.2813390693226465e-08 1.4899360570909973e-08 3.6727342503866812e-08 -3.0941224956047369e-08 -9.2813390693226465e-08 -3.0941224956047389e-08 1.8071065747765197e-07</rotation_covariance>
          <location_covariance>1.0623416821995611e-07 -4.0033875081249084e-08 3.4049721024789423e-08 -4.0033875081249084e-08 9.7818396432715228e-08 1.6686534688644073e-09 3.4049721024789423e-08 1.6686534688644073e-09 9.2470799360606364e-08</location_covariance>
        </camera>
      </group>
      <group id="10" label="21334206" type="folder">
        <camera id="10" sensor_id="0" component_id="0" label="camera_21334206_1">
          <transform>0.25479093941083691 -0.16228059855421459 -0.95328200682013808 1.0653598077847224 0.51361992007834101 -0.81255023047216901 0.27560243224315711 -0.27018590858402969 -0.81931444201409165 -0.55984563077022509 -0.12367988848081476 -1.050587469505003 0 0 0 1</transform>
          <rotation_covariance>4.6794568210925614e-08 -1.221337472179876e-09 -2.9815028395174025e-09 -1.2213374721798785e-09 7.1915249890863129e-09 -4.6718751256067162e-09 -2.9815028395174046e-09 -4.6718751256067154e-09 3.4323537380380783e-08</rotation_covariance>
          <location_covariance>5.0537484088267378e-08 -1.3572554652162961e-08 4.895781796937937e-10 -1.3572554652162961e-08 4.1054358333098062e-08 1.5030651103477487e-08 4.895781796937937e-10 1.5030651103477487e-08 2.7559299513557755e-08</location_covariance>
        </camera>
      </group>
      <group id="11" label="21334207" type="folder">
        <camera id="11" sensor_id="0" component_id="0" label="camera_21334207_1">
          <transform>0.94379521240872544 -0.085247666933848831 -0.31934844968576948 0.54528581643769503 -0.01293603882871408 -0.97495492752296964 0.22202600793173177 -0.21093389905488885 -0.33027754379277896 -0.2054159793711666 -0.92126056003998835 -0.21041649827356312 0 0 0 1</transform>
          <rotation_covariance>1.0293912466547635e-07 3.3812641980705309e-08 -5.2262034671344013e-08 3.3812641980705302e-08 7.6539455228722034e-08 -7.5677235111157499e-08 -5.226203467134402e-08 -7.5677235111157512e-08 1.4099543321690381e-07</rotation_covariance>
          <location_covariance>1.2245607484468259e-07 1.452794580514617e-09 2.7752611078587699e-08 1.452794580514617e-09 7.8950598209528688e-08 5.3338914859268852e-09 2.7752611078587699e-08 5.3338914859268852e-09 7.9828554622698326e-08</location_covariance>
        </camera>
      </group>
      <group id="12" label="21334208" type="folder">
        <camera id="12" sensor_id="0" component_id="0" label="camera_21334208_1">
          <transform>-0.93623428679944176 -0.053413627302525281 -0.34729288020275828 0.53363018246208382 0.33220055009393623 -0.45660120537121918 -0.82532304812772317 0.79947321332316845 -0.11449085002054332 -0.88806662119006397 0.44522974023490036 -1.6200637660461596 0 0 0 1</transform>
          <rotation_covariance>2.6847543030904079e-07 -9.6778264488489816e-08 1.5649391412928592e-07 -9.6778264488489816e-08 8.4326578921011153e-08 -1.0304644546549131e-07 1.5649391412928592e-07 -1.0304644546549132e-07 2.0207368042355164e-07</rotation_covariance>
          <location_covariance>2.1051750084890247e-07 6.9395152138024723e-08 1.9926907563872308e-08 6.9395152138024723e-08 1.4763889694060741e-07 6.0490696341933692e-08 1.9926907563872308e-08 6.0490696341933692e-08 1.7857799609290499e-07</location_covariance>
        </camera>
      </group>
      <group id="13" label="21334209" type="folder">
        <camera id="13" sensor_id="0" component_id="0" label="camera_21334209_1">
          <transform>-0.94696320176769178 -0.28638148003176839 0.14576125134168988 -0.0044249499758215105 0.071366205679623429 -0.62970211321208347 -0.77355162290769597 0.55193919504456312 0.31331702664358207 -0.72212249411789586 0.61674268889397832 -1.8002293609791322 0 0 0 1</transform>
          <rotation_covariance>5.7469580980500521e-07 -4.3018418856690131e-08 2.3459347495519745e-07 -4.3018418856690158e-08 4.4460587026688097e-08 -4.6173335080974481e-08 2.3459347495519751e-07 -4.6173335080974441e-08 2.0689957157951068e-07</rotation_covariance>
          <location_covariance>2.1147054079160743e-07 7.7162526880429222e-08 -9.2449392063811335e-08 7.7162526880429222e-08 3.9814527784729936e-07 1.3963825273587166e-07 -9.2449392063811335e-08 1.3963825273587166e-07 2.9775064130723439e-07</location_covariance>
        </camera>
      </group>
      <group id="14" label="21334211" type="folder">
        <camera id="14" sensor_id="0" component_id="0" label="camera_21334211_1">
          <transform>-0.18107219402422947 -0.34211714512566643 0.92204594221888736 -0.62369701307789283 -0.53719604463202497 -0.75091630663160691 -0.38411601120814348 0.29604491262793586 0.82379200662725494 -0.56487216203828927 -0.047813913991952728 -1.1962480011257943 0 0 0 1</transform>
          <rotation_covariance>8.4703786811544703e-07 1.1119076337887047e-08 -5.6093617010412549e-08 1.1119076337887074e-08 3.245946604984766e-08 -1.1631984033981944e-08 -5.6093617010412549e-08 -1.1631984033981945e-08 1.0251784770498075e-07</rotation_covariance>
          <location_covariance>6.2991093619045061e-08 5.5556266925978671e-08 -7.1353655991605653e-08 5.5556266925978671e-08 5.9140174154892344e-07 1.519367092919492e-07 -7.1353655991605653e-08 1.519367092919492e-07 4.970753828102673e-07</location_covariance>
        </camera>
      </group>
      <group id="15" label="21334219" type="folder">
        <camera id="15" sensor_id="0" component_id="0" label="camera_21334219_1">
          <transform>0.33694848087730633 -0.28833390174918727 0.89628638410753836 -0.61134422015515189 -0.58066252914040795 -0.81299497217990802 -0.043245837515946475 0.02496223448744582 0.74114556497812267 -0.50586829937472966 -0.44136211346351278 -0.82534099435070585 0 0 0 1</transform>
          <rotation_covariance>6.9417405406340049e-07 3.6394403738653025e-08 -2.0377359807629962e-07 3.6394403738653064e-08 3.5215860575065455e-08 -2.4353355764671226e-08 -2.037735980762996e-07 -2.4353355764671206e-08 1.7380545678407413e-07</rotation_covariance>
          <location_covariance>2.8058633831397793e-08 -6.2417844094515664e-09 -1.9079237788001878e-09 -6.2417844094515664e-09 5.0466685355568628e-07 1.0150180035748449e-07 -1.9079237788001878e-09 1.0150180035748449e-07 4.7790014207854716e-07</location_covariance>
        </camera>
      </group>
      <group id="16" label="21334220" type="folder">
        <camera id="16" sensor_id="0" component_id="0" label="camera_21334220_1">
          <transform>0.68514512464045807 0.15532873120502746 -0.71165240352551851 0.93230712218872946 0.33155352177369174 -0.93642386567702807 0.11481553026465585 -0.14416513224695268 -0.64857414408907266 -0.31461616146143562 -0.69308603402925306 -0.46103695320176447 0 0 0 1</transform>
          <rotation_covariance>3.806962978457197e-08 3.3928862213837979e-09 -3.7758403732046609e-09 3.3928862213837995e-09 4.3511314706016843e-08 -3.1465640205168218e-08 -3.7758403732046609e-09 -3.1465640205168218e-08 4.953488003409761e-08</rotation_covariance>
          <location_covariance>4.9952691782591006e-08 3.5463744698255454e-09 -1.0846042995388826e-08 3.5463744698255454e-09 4.3449880139374782e-08 -1.4074133187164149e-09 -1.0846042995388826e-08 -1.4074133187164149e-09 4.1561671705300978e-08</location_covariance>
        </camera>
      </group>
      <group id="17" label="21334221" type="folder">
        <camera id="17" sensor_id="0" component_id="0" label="camera_21334221_1">
          <transform>0.30928579290974267 -0.60409358848845873 0.73444757107048086 -0.53097962223131145 -0.59606423732189862 -0.72492168230219078 -0.34524770747106603 0.34427918724849671 0.74097889530677985 -0.33099772034758762 -0.5842865614017192 -0.58920509962833223 0 0 0 1</transform>
          <rotation_covariance>6.6355950420068566e-07 9.1580637470476547e-08 -1.5589765727354607e-07 9.1580637470476521e-08 6.4640031729555614e-08 -7.5461012717158994e-08 -1.5589765727354615e-07 -7.5461012717158981e-08 1.7208169642773719e-07</rotation_covariance>
          <location_covariance>5.4916429808576984e-08 6.2406168747658218e-08 7.3850193485748303e-08 6.2406168747658218e-08 4.1881001065839348e-07 1.0439773824169884e-07 7.3850193485748303e-08 1.0439773824169884e-07 4.5987528818830037e-07</location_covariance>
        </camera>
      </group>
      <group id="18" label="21334237" type="folder">
        <camera id="18" sensor_id="0" component_id="0" label="camera_21334237_1">
          <transform>-0.63493877231288576 -0.29293773370606724 0.71487078523671554 -0.45342794759501548 -0.35412736764867159 -0.71203076561099587 -0.60630520062559368 0.46613216164024762 0.68661966393049612 -0.6381219891169494 0.34835867164375284 -1.4997808894762505 0 0 0 1</transform>
          <rotation_covariance>8.0950125501648119e-07 -2.8537190190778753e-08 1.3122868022786091e-07 -2.8537190190778813e-08 3.7615918896222087e-08 -1.9623421163577175e-08 1.3122868022786094e-07 -1.9623421163577132e-08 1.2269789081935207e-07</rotation_covariance>
          <location_covariance>1.3211800083095864e-07 9.7727254504731548e-08 -1.0516156815520908e-07 9.7727254504731548e-08 5.6779354706593334e-07 1.6028517732463905e-07 -1.0516156815520908e-07 1.6028517732463905e-07 4.2420037458001606e-07</location_covariance>
        </camera>
      </group>
      <group id="19" label="21334238" type="folder">
        <camera id="19" sensor_id="0" component_id="0" label="camera_21334238_1">
          <transform>0.7142458459483122 -0.25658155764946305 0.65116724105236956 -0.38290802632865462 -0.51495070729288783 -0.82274937330268416 0.24064338301435806 -0.24827938577264519 0.4740027854392147 -0.50719756801883009 -0.71977217672792104 -0.53003017814889253 0 0 0 1</transform>
          <rotation_covariance>4.957144491070948e-07 2.2137531612924901e-08 -2.2623653099138907e-07 2.2137531612924938e-08 4.6845070899021649e-08 -3.2243606443988401e-08 -2.2623653099138907e-07 -3.2243606443988447e-08 2.417158148653821e-07</rotation_covariance>
          <location_covariance>2.2233794354031317e-08 -6.0896413026557759e-08 5.688684706898041e-08 -6.0896413026557773e-08 3.7137470725635251e-07 5.3277515443203792e-08 5.688684706898041e-08 5.3277515443203792e-08 3.5923475497742722e-07</location_covariance>
        </camera>
      </group>
    </cameras>
    <reference>LOCAL_CS["Local Coordinates (m)",LOCAL_DATUM["Local Datum",0],UNIT["metre",1,AUTHORITY["EPSG","9001"]]]</reference>
    <region>
      <center>0.17653839035330277 -0.20881840022301695 -1.0236900601322556</center>
      <size>2.7473543872435888 2.0533363362153372 1.3621066202720007</size>
      <R>0.9481408438382255 -0.27026393838789992 0.16729119478561696 0.29102930737053478 0.52655432636522503 -0.79877561532478614 0.12779234130872066 0.80603842649908786 0.57790239012285627</R>
    </region>
    <settings>
      <property name="accuracy_tiepoints" value="1"/>
      <property name="accuracy_cameras" value="10"/>
      <property name="accuracy_cameras_ypr" value="10"/>
      <property name="accuracy_markers" value="0.0050000000000000001"/>
      <property name="accuracy_scalebars" value="0.001"/>
      <property name="accuracy_projections" value="0.5"/>
    </settings>
    <meta>
      <property name="AlignCameras/adaptive_fitting" value="false"/>
      <property name="AlignCameras/cameras" value=""/>
      <property name="AlignCameras/duration" value="2.483"/>
      <property name="AlignCameras/min_image" value="2"/>
      <property name="AlignCameras/point_clouds" value=""/>
      <property name="AlignCameras/ram_used" value="24723456"/>
      <property name="AlignCameras/reset_alignment" value="false"/>
      <property name="AlignCameras/subdivide_task" value="true"/>
      <property name="OptimizeCameras/sigma0" value="0.39990013672326"/>
    </meta>
  </chunk>
</document>
