<?xml version="1.0" encoding="UTF-8"?>
<document version="2.0.0">
  <chunk label="Chunk 1" enabled="true">
    <sensors next_id="1">
      <sensor id="0" label="unknown" type="frame">
        <resolution width="2300" height="2656"/>
        <property name="layer_index" value="0"/>
        <bands>
          <band label="Red"/>
          <band label="Green"/>
          <band label="Blue"/>
        </bands>
        <data_type>uint8</data_type>
        <calibration type="frame" class="adjusted">
          <resolution width="2300" height="2656"/>
          <f>2263.3541164824833</f>
          <p1>0.0016516607053477337</p1>
          <p2>-0.0028066606109962739</p2>
        </calibration>
        <covariance>
          <params>f p1 p2</params>
          <coeffs>0.15725838382619736 -1.0919281638271313e-07 2.3050920714641414e-05 -1.0919281638271313e-07 1.4794342010998653e-09 -2.4297937159238162e-11 2.3050920714641414e-05 -2.4297937159238162e-11 1.1715478386750527e-08</coeffs>
        </covariance>
      </sensor>
    </sensors>
    <components next_id="1" active_id="0">
      <component id="0" label="Component 1">
        <region>
          <center>-0.059866773306976678 -0.066470285511745164 -1.2184057283757856</center>
          <size>1.7967665076255797 1.610210430622101 1.3014538764953612</size>
          <R>-0.87309996846547255 0.34954879003335637 -0.33987069372307938 -0.47986185679940629 -0.49287837442540344 0.72581230797830776 0.086191899008069769 0.79679768536937179 0.59806722459552542</R>
        </region>
        <partition>
          <camera_ids>0 1 2 3 4 5 6 7 8 9 10 11 12 13 14 15 16 17 18 19</camera_ids>
        </partition>
      </component>
    </components>
    <cameras next_id="20" next_group_id="0">
      <camera id="0" sensor_id="0" component_id="0" label="camera_21293324_1">
        <transform>0.23471822541362003 0.27020877209268168 -0.93375295134358027 1.1656378702330443 0.55008483082722892 -0.82890622728950625 -0.10159303743100154 0.040315490093602441 -0.80144496601604587 -0.48979759681407475 -0.34319714538832752 -0.82031767574209302 0 0 0 1</transform>
      </camera>
      <camera id="1" sensor_id="0" component_id="0" label="camera_21293325_1">
        <transform>-0.65374474519256731 -0.1603727493081141 -0.73952578684753234 0.82917851556652966 0.55443992391441665 -0.7666144187774977 -0.32388069360833294 0.29774257779718721 -0.51498949397330551 -0.62175792250826667 0.59008720278897997 -1.7408233009990906 0 0 0 1</transform>
        <rotation_covariance>1.491093218872881e-07 -2.1765154486341317e-08 1.7678745345608187e-08 -2.1765154486341317e-08 7.7239656204276042e-08 -4.7558809668583822e-08 1.7678745345608167e-08 -4.7558809668583822e-08 1.0775228893431958e-07</rotation_covariance>
        <location_covariance>7.4842708626195447e-08 -1.9770522871789039e-08 7.5820893321446221e-08 -1.9770522871789039e-08 8.4647069316953259e-08 3.0061886825206832e-08 7.5820893321446221e-08 3.0061886825206832e-08 2.047699986604711e-07</location_covariance>
      </camera>
      <camera id="2" sensor_id="0" component_id="0" label="camera_21293326_1">
        <transform>-0.69877808805651109 0.097405501781592657 -0.7086757734498641 0.92522638535314261 0.54313530230919571 -0.5724690104057939 -0.61423389316327137 0.62061719773542057 -0.46552467930023411 -0.81412001593603334 0.34712443390623965 -1.5025968536732157 0 0 0 1</transform>
        <rotation_covariance>9.9824907625761262e-08 -2.3055610714775638e-08 1.6390388558950604e-10 -2.3055610714775654e-08 1.0706383022325732e-07 -4.6592975500618999e-08 1.6390388558952589e-10 -4.6592975500618999e-08 6.1941932707241533e-08</rotation_covariance>
        <location_covariance>1.0145131602325305e-07 -6.7596266013149489e-08 7.4173943745982252e-08 -6.7596266013149489e-08 8.8775622303344302e-08 -2.458210069898797e-08 7.4173943745982252e-08 -2.458210069898797e-08 2.4611302584420162e-07</location_covariance>
      </camera>
      <camera id="3" sensor_id="0" component_id="0" label="camera_21334180_1">
        <transform>-0.93231523666722571 -0.33604153420338229 0.13365772244196528 0.056598507730726298 0.029731882196074519 -0.43955107394766946 -0.89772538594635332 0.92038886250891327 0.36042241142750125 -0.83298916000250989 0.41979131084277799 -1.5833258411944089 0 0 0 1</transform>
        <rotation_covariance>1.170232082938251e-07 -1.7127456772602251e-08 -1.3772750743331752e-08 -1.7127456772602255e-08 7.7913759082966035e-08 -3.2988319601175357e-08 -1.3772750743331746e-08 -3.2988319601175364e-08 8.7410947285107989e-08</rotation_covariance>
        <location_covariance>1.8457946047008309e-07 7.3495644634916034e-09 6.2183218512590688e-08 7.3495644634916034e-09 3.8792706976525757e-08 1.0911328704324619e-08 6.2183218512590688e-08 1.0911328704324619e-08 2.0279875141206688e-07</location_covariance>
      </camera>
      <camera id="4" sensor_id="0" component_id="0" label="camera_21334181_1">
        <transform>-0.62947670057665384 -0.5187107578463177 0.57853109953193382 -0.41101193507674866 -0.36405608946938006 -0.46088922405382754 -0.80934806286993988 0.81566795928307212 0.68645629660699625 -0.72008351796549197 0.10127921802150858 -1.2672113177018525 0 0 0 1</transform>
        <rotation_covariance>1.1168397087373673e-07 -9.8741465922056194e-09 -1.0314582507547361e-08 -9.8741465922056194e-09 8.1608775351847842e-08 -2.7127266849833682e-08 -1.0314582507547366e-08 -2.7127266849833676e-08 1.0517977689097516e-07</rotation_covariance>
        <location_covariance>1.4700119318024315e-07 3.2698124764937441e-08 3.1210854179050464e-08 3.2698124764937441e-08 8.2727437015128479e-08 -2.070551019475358e-08 3.1210854179050464e-08 -2.070551019475358e-08 1.6651124707737145e-07</location_covariance>
      </camera>
      <camera id="5" sensor_id="0" component_id="0" label="camera_21334183_1">
        <transform>0.67382327829521105 -0.14306840515631525 -0.72490938818139428 0.83473500219764829 0.30381686342174036 -0.84065785719506769 0.44831872661843186 -0.47753639199571513 -0.67354101814816802 -0.52232729067340966 -0.52298823915046511 -0.69472749922417099 0 0 0 1</transform>
        <rotation_covariance>8.1867992992636058e-08 1.2667276965629305e-08 -3.703395066078589e-09 1.2667276965629313e-08 4.9473391835176138e-08 -3.6084404789878741e-08 -3.7033950660785857e-09 -3.6084404789878748e-08 6.330219044461852e-08</rotation_covariance>
        <location_covariance>4.0075847506796318e-08 2.1873650719318288e-08 -1.3566656567659633e-08 2.1873650719318288e-08 8.2184859440331212e-08 1.0926894124217415e-08 -1.3566656567659633e-08 1.0926894124217415e-08 4.905876819213768e-08</location_covariance>
      </camera>
      <camera id="6" sensor_id="0" component_id="0" label="camera_21334184_1">
        <transform>0.68709872651622361 -0.50101877072716539 0.52618963444638833 -0.34025383556082944 -0.55905332686687736 -0.82713181654794421 -0.057552895436928195 0.067077565129276595 0.46406326911193863 -0.254623544538084 -0.8484174284089181 -0.26285570381594553 0 0 0 1</transform>
        <rotation_covariance>1.4206574456090593e-07 4.6386847593050844e-09 2.0101824298222547e-08 4.638684759305091e-09 8.9671556660560167e-08 -3.8016657178473212e-08 2.0101824298222553e-08 -3.8016657178473219e-08 1.0464888982742537e-07</rotation_covariance>
        <location_covariance>8.0869528471025086e-08 1.5723753357944718e-08 3.5444745489920673e-08 1.5723753357944718e-08 1.9095073729029185e-07 -3.2565094452700905e-08 3.5444745489920673e-08 -3.2565094452700905e-08 7.1921646356569372e-08</location_covariance>
      </camera>
      <camera id="7" sensor_id="0" component_id="0" label="camera_21334186_1">
        <transform>-0.91981403691449481 -0.23725609138202008 -0.3124926952701253 0.42723426683830334 0.38514644493875227 -0.69795691829363005 -0.60375355581321311 0.4993496362361986 -0.074862229769767807 -0.67569644612664992 0.73336891074391286 -1.8805913789113651 0 0 0 1</transform>
        <rotation_covariance>1.468509106185738e-07 -2.0175440396560803e-08 1.6480493886312242e-08 -2.017544039656081e-08 5.4809728331874164e-08 -2.1737222845412999e-08 1.6480493886312255e-08 -2.1737222845413006e-08 8.7302538940297432e-08</rotation_covariance>
        <location_covariance>1.0588701322256939e-07 2.2741036649755973e-09 9.0465370233436181e-08 2.2741036649755973e-09 5.1239649691781421e-08 4.0026296037005591e-08 9.0465370233436181e-08 4.0026296037005591e-08 1.6824906825274137e-07</location_covariance>
      </camera>
      <camera id="8" sensor_id="0" component_id="0" label="camera_21334190_1">
        <transform>-0.21431747540956825 -0.65805550418423608 0.72182475237892763 -0.58921577181724305 -0.53367435312071376 -0.54005262004850263 -0.65079555345740869 0.63240002964695974 0.81808294478937571 -0.52469621781710785 -0.23544463139592978 -0.94893660689691894 0 0 0 1</transform>
        <rotation_covariance>1.0293901649282926e-07 -4.0759951215768273e-09 1.157488236234503e-09 -4.0759951215768273e-09 6.2709587289484066e-08 -2.5696296574234938e-08 1.157488236234498e-09 -2.5696296574234938e-08 1.0881093564587137e-07</rotation_covariance>
        <location_covariance>1.0152126418655247e-07 1.8811092476356932e-08 2.7642864338944295e-08 1.8811092476356932e-08 1.0044675291599987e-07 -2.0199746467373167e-08 2.7642864338944295e-08 -2.0199746467373167e-08 1.1530664381233066e-07</location_covariance>
      </camera>
      <camera id="9" sensor_id="0" component_id="0" label="camera_21334191_1">
        <transform>0.94592377149249784 -0.18868500004986608 -0.26386774960496889 0.44340652698150745 -0.011107570804442662 -0.83179300719131444 0.55497478776828746 -0.54815732410172602 -0.32419876680245535 -0.5220329146172803 -0.78890861046128413 -0.44259839604279982 0 0 0 1</transform>
        <rotation_covariance>9.8224390605483958e-08 3.3661452452589693e-08 -1.4297194877750585e-08 3.3661452452589706e-08 5.8579965727353384e-08 -3.5986812562522484e-08 -1.4297194877750583e-08 -3.5986812562522478e-08 6.7678713179171818e-08</rotation_covariance>
        <location_covariance>6.6816809754993292e-08 3.3928484225632736e-08 -4.3788269751682052e-09 3.3928484225632736e-08 8.2026861405030227e-08 1.7431470612473669e-08 -4.3788269751682052e-09 1.7431470612473669e-08 3.2145869256580616e-08</location_covariance>
      </camera>
      <camera id="10" sensor_id="0" component_id="0" label="camera_21334206_1">
        <transform>0.25297163962974284 -0.15797284533830747 -0.95448935545597291 1.0690479450880479 0.518951994764981 -0.81048113492864315 0.27167840741256194 -0.27822220491336358 -0.8165134271232084 -0.56406108717097092 -0.12304841838485907 -1.0604994670037771 0 0 0 1</transform>
        <rotation_covariance>9.0686409582606358e-08 -2.5244135949538371e-09 7.8315857792126771e-10 -2.524413594953835e-09 1.4744525716455594e-08 -1.7347866803760987e-08 7.8315857792126854e-10 -1.7347866803760983e-08 4.8786932125098233e-08</rotation_covariance>
        <location_covariance>1.685752918330824e-08 -1.6055385565104582e-09 -5.7169162981077034e-09 -1.6055385565104582e-09 7.276318164188605e-08 3.0545166617590495e-08 -5.7169162981077034e-09 3.0545166617590495e-08 5.1473645315774813e-08</location_covariance>
      </camera>
      <camera id="11" sensor_id="0" component_id="0" label="camera_21334207_1">
        <transform>0.94145579615232078 -0.089192989736474632 -0.32512396785390774 0.54041386464710051 -0.014026596839662755 -0.97389673963822654 0.22655770810795611 -0.22822952375563718 -0.33684453160515637 -0.20873368464122272 -0.91813180449421394 -0.19123355943863496 0 0 0 1</transform>
        <rotation_covariance>8.1980224328102939e-08 2.6332523841208962e-08 3.6290541792161603e-09 2.6332523841208959e-08 8.1162651229321943e-08 -3.1373803600504637e-08 3.6290541792161562e-09 -3.1373803600504644e-08 3.8377826974339338e-08</rotation_covariance>
        <location_covariance>1.0823149556360136e-07 3.3629637078493694e-08 -2.7576181072902613e-08 3.3629637078493694e-08 1.2744559041613893e-07 -4.3002550797602746e-11 -2.7576181072902613e-08 -4.3002550797602746e-11 3.2526165413108066e-08</location_covariance>
      </camera>
      <camera id="12" sensor_id="0" component_id="0" label="camera_21334208_1">
        <transform>-0.93543271520516003 -0.059383655455600579 -0.34848130048631454 0.51757354344439788 0.33700775582632664 -0.44743644974434843 -0.82838782943321676 0.8284652835608276 -0.10673053844521509 -0.89234197755395528 0.43855944552396853 -1.6411604022105437 0 0 0 1</transform>
        <rotation_covariance>9.1270964612156242e-08 -2.3029568940597189e-08 -7.991382536227359e-09 -2.3029568940597189e-08 6.7841886677317591e-08 -2.3245562954562229e-08 -7.9913825362273573e-09 -2.3245562954562229e-08 5.7026941865256262e-08</rotation_covariance>
        <location_covariance>1.2421316798378467e-07 -3.0137106465732339e-08 8.421467928521262e-08 -3.0137106465732339e-08 3.7951618741278963e-08 4.2844926585242538e-09 8.421467928521262e-08 4.2844926585242538e-09 2.0073150191809802e-07</location_covariance>
      </camera>
      <camera id="13" sensor_id="0" component_id="0" label="camera_21334209_1">
        <transform>-0.94469006430038482 -0.29431680438943814 0.14470072932132788 -0.039504989736877445 0.073405627353920408 -0.61976445496718446 -0.78134731984694694 0.5744999385518561 0.31964401493679218 -0.72750920201274383 0.60708983248104953 -1.8239866472055111 0 0 0 1</transform>
        <rotation_covariance>1.5187893942654154e-07 -7.1832233880761292e-09 -2.2708178165372735e-08 -7.1832233880761358e-09 7.1156259418972438e-08 -2.9555585303657586e-08 -2.2708178165372725e-08 -2.9555585303657599e-08 1.0749926399302788e-07</rotation_covariance>
        <location_covariance>1.3732090510271176e-07 1.6392894684695628e-08 6.3623805633955306e-08 1.6392894684695628e-08 5.770501901477278e-08 4.4737493990090837e-08 6.3623805633955306e-08 4.4737493990090837e-08 1.4860376635350769e-07</location_covariance>
      </camera>
      <camera id="14" sensor_id="0" component_id="0" label="camera_21334211_1">
        <transform>-0.17860604232932176 -0.3500466191600316 0.91954730495939607 -0.67796695925893458 -0.54348647113024717 -0.74396299645830999 -0.38876923180617251 0.30715814639544131 0.82019652360994955 -0.5691980536820227 -0.057369315341476698 -1.1957602570437755 0 0 0 1</transform>
        <rotation_covariance>1.1260083441498436e-07 -2.0279592337323231e-09 -3.1707088792066503e-09 -2.0279592337323198e-09 5.3319613762560975e-08 1.0810728538152771e-09 -3.170708879206647e-09 1.0810728538152837e-09 1.25786155707059e-07</rotation_covariance>
        <location_covariance>7.9470146461884244e-08 3.3838195293027018e-09 1.1034702614206429e-08 3.3838195293027018e-09 7.3762401991215697e-08 6.3131465492733686e-09 1.1034702614206429e-08 6.3131465492733686e-09 6.8970829150596798e-08</location_covariance>
      </camera>
      <camera id="15" sensor_id="0" component_id="0" label="camera_21334219_1">
        <transform>0.33840381153408644 -0.29567404234362732 0.89334188361644673 -0.66324159088887602 -0.58760306101363058 -0.80790763800432808 -0.044809498342193138 0.022576910064578182 0.73498673663312719 -0.50976672031277814 -0.44713799641155516 -0.81562534614435589 0 0 0 1</transform>
        <rotation_covariance>1.242454939365287e-07 7.9983112706881385e-09 1.1698267003512307e-08 7.9983112706881352e-09 6.3102326978630934e-08 -8.2090287411016502e-09 1.1698267003512314e-08 -8.2090287411016469e-09 1.3281986654878268e-07</rotation_covariance>
        <location_covariance>4.5071348863893911e-08 -1.3771659207834739e-08 2.8772748813750285e-10 -1.3771659207834739e-08 8.9903313802784176e-08 2.739728237224539e-09 2.8772748813750285e-10 2.739728237224539e-09 7.1764987491035177e-08</location_covariance>
      </camera>
      <camera id="16" sensor_id="0" component_id="0" label="camera_21334220_1">
        <transform>0.683547426113981 0.15267151982610067 -0.71376069048872515 0.93574850007757659 0.33429962236322464 -0.93476989441966407 0.12020402228900831 -0.15811327695472677 -0.6488502745169783 -0.32077507933229443 -0.68999758676288359 -0.45252790178974361 0 0 0 1</transform>
        <rotation_covariance>3.3377023053523561e-08 1.2919579479347594e-08 -2.1163134832987631e-09 1.2919579479347592e-08 6.8489430170480836e-08 -2.6205039435907478e-08 -2.1163134832987614e-09 -2.6205039435907472e-08 2.1140794952039785e-08</rotation_covariance>
        <location_covariance>4.7621565590070135e-08 2.8563781984112637e-08 -3.6475333698030638e-08 2.8563781984112637e-08 7.3003738848665298e-08 -1.7682475642123334e-08 -3.6475333698030638e-08 -1.7682475642123334e-08 5.7211389642311559e-08</location_covariance>
      </camera>
      <camera id="17" sensor_id="0" component_id="0" label="camera_21334221_1">
        <transform>0.31156752055002074 -0.60920344378227775 0.72924402241096586 -0.57903249223306807 -0.60184713983754101 -0.72040057286936554 -0.34467816130248352 0.35050399764442203 0.73532693436843688 -0.33150290902690882 -0.59110077051126697 -0.56951202333206785 0 0 0 1</transform>
        <rotation_covariance>1.133377274617561e-07 8.5926122866627219e-09 1.2521362400858832e-08 8.5926122866627252e-09 6.5848954489511843e-08 -2.4686896525941469e-08 1.2521362400858818e-08 -2.4686896525941476e-08 1.0665104186284074e-07</rotation_covariance>
        <location_covariance>7.991611358162355e-08 7.779737527937403e-09 3.1096803165762082e-08 7.779737527937403e-09 1.2294442015573289e-07 -2.1343077349485952e-08 3.1096803165762082e-08 -2.1343077349485952e-08 9.5191936022236179e-08</location_covariance>
      </camera>
      <camera id="18" sensor_id="0" component_id="0" label="camera_21334237_1">
        <transform>-0.63313627970726338 -0.3026996044999346 0.71239834415446901 -0.50242316484080785 -0.35645557952114337 -0.70294162947375582 -0.61547744506279556 0.48791729383423088 0.68707923207348665 -0.64361946442627416 0.33715888519353066 -1.5099210607001006 0 0 0 1</transform>
        <rotation_covariance>1.4785948867151147e-07 -7.1270119404380977e-09 -1.5060404840381032e-08 -7.1270119404380977e-09 7.1970475564937364e-08 -1.596967267439701e-08 -1.5060404840381026e-08 -1.5969672674397016e-08 1.3028354335183797e-07</rotation_covariance>
        <location_covariance>1.1707718226695726e-07 2.0853769279304282e-08 2.7892989938732493e-08 2.0853769279304282e-08 8.4204770084291403e-08 1.7897183102957493e-08 2.7892989938732493e-08 1.7897183102957493e-08 1.1895296328622296e-07</location_covariance>
      </camera>
      <camera id="19" sensor_id="0" component_id="0" label="camera_21334238_1">
        <transform>0.71551569732256048 -0.26571274267390177 0.6460913443668187 -0.42497989732540775 -0.51942272722336225 -0.8207994533605556 0.23767264841974814 -0.25816424375477076 0.46715877100709008 -0.50565303889497715 -0.72531213069093203 -0.51168878293854569 0 0 0 1</transform>
        <rotation_covariance>1.2211898963230903e-07 1.8501650795699148e-08 6.1689309733170146e-09 1.8501650795699134e-08 7.3097314445340526e-08 -1.8601399313512067e-08 6.1689309733170146e-09 -1.8601399313512054e-08 1.2360488864431217e-07</rotation_covariance>
        <location_covariance>4.7551133927262452e-09 -1.5787919848939512e-08 9.238259285430813e-09 -1.5787919848939515e-08 9.2420507085349133e-08 8.0131918628531405e-09 9.2382592854308146e-09 8.0131918628531388e-09 5.5362006388995049e-08</location_covariance>
      </camera>
    </cameras>
    <reference>LOCAL_CS["Local Coordinates (m)",LOCAL_DATUM["Local Datum",0],UNIT["metre",1,AUTHORITY["EPSG","9001"]]]</reference>
    <region>
      <center>-0.059866773306976678 -0.066470285511745164 -1.2184057283757856</center>
      <size>1.7967665076255797 1.610210430622101 1.3014538764953612</size>
      <R>-0.87309996846547255 0.34954879003335637 -0.33987069372307938 -0.47986185679940629 -0.49287837442540344 0.72581230797830776 0.086191899008069769 0.79679768536937179 0.59806722459552542</R>
    </region>
    <settings>
      <property name="accuracy_tiepoints" value="1"/>
      <property name="accuracy_cameras" value="10"/>
      <property name="accuracy_cameras_ypr" value="10"/>
      <property name="accuracy_markers" value="0.0050000000000000001"/>
      <property name="accuracy_scalebars" value="0.001"/>
      <property name="accuracy_projections" value="0.5"/>
    </settings>
    <meta>
      <property name="AlignCameras/adaptive_fitting" value="true"/>
      <property name="AlignCameras/cameras" value=""/>
      <property name="AlignCameras/duration" value="1.833"/>
      <property name="AlignCameras/min_image" value="2"/>
      <property name="AlignCameras/point_clouds" value=""/>
      <property name="AlignCameras/ram_used" value="38199296"/>
      <property name="AlignCameras/reset_alignment" value="false"/>
      <property name="AlignCameras/subdivide_task" value="true"/>
      <property name="OptimizeCameras/sigma0" value="0.522523845701858"/>
    </meta>
  </chunk>
</document>
